marxs/missions/athena/data/xous.csv
# %ECSV 1.0
# ---
# datatype:
# - {name: 'Petal #', datatype: int64}
# - {name: 'Row #', datatype: int64}
# - {name: 'MM #', datatype: int64}
# - {name: 'stack_width [m]', datatype: float64}
# - {name: 'phi [deg]', datatype: float64}
# - {name: 'lengthp [m]', datatype: float64}
# - {name: 'lengths [m]', datatype: float64}
# - {name: 'anglep [deg]', datatype: float64}
# - {name: 'angles [deg]', datatype: float64}
# - {name: 'x_MM [m]', datatype: float64}
# - {name: 'y_MM [m]', datatype: float64}
# - {name: 'z_MM [m]', datatype: float64}
# - {name: 'r_MM [m]', datatype: float64}
# - {name: 'xkink [m]', datatype: float64}
# - {name: 'ykink [m]', datatype: float64}
# - {name: 'zkink [m]', datatype: float64}
# - {name: 'rkink [m]', datatype: float64}
# - {name: 'xp1 [m]', datatype: float64}
# - {name: 'yp1 [m]', datatype: float64}
# - {name: 'zp1 [m]', datatype: float64}
# - {name: 'rp1 [m]', datatype: float64}
# - {name: 'xp2 [m]', datatype: float64}
# - {name: 'yp2 [m]', datatype: float64}
# - {name: 'zp2 [m]', datatype: float64}
# - {name: 'rp2 [m]', datatype: float64}
# - {name: 'xp3 [m]', datatype: float64}
# - {name: 'yp3 [m]', datatype: float64}
# - {name: 'zp3 [m]', datatype: float64}
# - {name: 'rp3 [m]', datatype: float64}
# - {name: 'xp4 [m]', datatype: float64}
# - {name: 'yp4 [m]', datatype: float64}
# - {name: 'zp4 [m]', datatype: float64}
# - {name: 'rp4 [m]', datatype: float64}
# - {name: 'xp5 [m]', datatype: float64}
# - {name: 'yp5 [m]', datatype: float64}
# - {name: 'zp5 [m]', datatype: float64}
# - {name: 'rp5 [m]', datatype: float64}
# - {name: 'xp6 [m]', datatype: float64}
# - {name: 'yp6 [m]', datatype: float64}
# - {name: 'zp6 [m]', datatype: float64}
# - {name: 'rp6 [m]', datatype: float64}
# - {name: 'xp7 [m]', datatype: float64}
# - {name: 'yp7 [m]', datatype: float64}
# - {name: 'zp7 [m]', datatype: float64}
# - {name: 'rp7 [m]', datatype: float64}
# - {name: 'xp8 [m]', datatype: float64}
# - {name: 'yp8 [m]', datatype: float64}
# - {name: 'zp8 [m]', datatype: float64}
# - {name: 'rp8 [m]', datatype: float64}
# - {name: 'xs1 [m]', datatype: float64}
# - {name: 'ys1 [m]', datatype: float64}
# - {name: 'zs1 [m]', datatype: float64}
# - {name: 'rs1 [m]', datatype: float64}
# - {name: 'xs2 [m]', datatype: float64}
# - {name: 'ys2 [m]', datatype: float64}
# - {name: 'zs2 [m]', datatype: float64}
# - {name: 'rs2 [m]', datatype: float64}
# - {name: 'xs3 [m]', datatype: float64}
# - {name: 'ys3 [m]', datatype: float64}
# - {name: 'zs3 [m]', datatype: float64}
# - {name: 'rs3 [m]', datatype: float64}
# - {name: 'xs4 [m]', datatype: float64}
# - {name: 'ys4 [m]', datatype: float64}
# - {name: 'zs4 [m]', datatype: float64}
# - {name: 'rs4 [m]', datatype: float64}
# - {name: 'xs5 [m]', datatype: float64}
# - {name: 'ys5 [m]', datatype: float64}
# - {name: 'zs5 [m]', datatype: float64}
# - {name: 'rs5 [m]', datatype: float64}
# - {name: 'xs6 [m]', datatype: float64}
# - {name: 'ys6 [m]', datatype: float64}
# - {name: 'zs6 [m]', datatype: float64}
# - {name: 'rs6 [m]', datatype: float64}
# - {name: 'xs7 [m]', datatype: float64}
# - {name: 'ys7 [m]', datatype: float64}
# - {name: 'zs7 [m]', datatype: float64}
# - {name: 'rs7 [m]', datatype: float64}
# - {name: 'xs8 [m]', datatype: float64}
# - {name: 'ys8 [m]', datatype: float64}
# - {name: 'zs8 [m]', datatype: float64}
# - {name: 'rs8 [m]', datatype: float64}
# - {name: inner_radius, unit: mm, datatype: float64}
# - {name: outer_radius, unit: mm, datatype: float64}
# - {name: kink_radius, unit: mm, datatype: float64}
# - {name: primary_length, unit: mm, datatype: float64}
# - {name: secondary_length, unit: mm, datatype: float64}
# - {name: azwidth, unit: mm, datatype: float64}
# - {name: focal_length, unit: mm, datatype: int64}
# - {name: pore_space, unit: mm, datatype: float64}
# - {name: plate_height, unit: mm, datatype: float64}
# - {name: z0, unit: mm, datatype: float64}
# - {name: clocking_angle, unit: rad, datatype: float64}
# schema: astropy-2.0
"Petal #" "Row #" "MM #" "stack_width [m]" "phi [deg]" "lengthp [m]" "lengths [m]" "anglep [deg]" "angles [deg]" "x_MM [m]" "y_MM [m]" "z_MM [m]" "r_MM [m]" "xkink [m]" "ykink [m]" "zkink [m]" "rkink [m]" "xp1 [m]" "yp1 [m]" "zp1 [m]" "rp1 [m]" "xp2 [m]" "yp2 [m]" "zp2 [m]" "rp2 [m]" "xp3 [m]" "yp3 [m]" "zp3 [m]" "rp3 [m]" "xp4 [m]" "yp4 [m]" "zp4 [m]" "rp4 [m]" "xp5 [m]" "yp5 [m]" "zp5 [m]" "rp5 [m]" "xp6 [m]" "yp6 [m]" "zp6 [m]" "rp6 [m]" "xp7 [m]" "yp7 [m]" "zp7 [m]" "rp7 [m]" "xp8 [m]" "yp8 [m]" "zp8 [m]" "rp8 [m]" "xs1 [m]" "ys1 [m]" "zs1 [m]" "rs1 [m]" "xs2 [m]" "ys2 [m]" "zs2 [m]" "rs2 [m]" "xs3 [m]" "ys3 [m]" "zs3 [m]" "rs3 [m]" "xs4 [m]" "ys4 [m]" "zs4 [m]" "rs4 [m]" "xs5 [m]" "ys5 [m]" "zs5 [m]" "rs5 [m]" "xs6 [m]" "ys6 [m]" "zs6 [m]" "rs6 [m]" "xs7 [m]" "ys7 [m]" "zs7 [m]" "rs7 [m]" "xs8 [m]" "ys8 [m]" "zs8 [m]" "rs8 [m]" inner_radius outer_radius kink_radius primary_length secondary_length azwidth focal_length pore_space plate_height z0 clocking_angle
[from data line 893]
3 15 294 0.117622166514442 6.56977132861018 0.0256839459693753 0.0256839459693753 1.48315148555413 4.44945445666239 0.837513609152113 -0.893749400112748 0.0626822828320099 1.22483347264716 0.847799887095951 -0.90472636173013 0.0642258080244051 1.23987678346251 0.88020914461193 -0.853335670301444 0.0632036727351741 1.2259485733371 0.79441427772039 -0.933732220618562 0.0632036727351741 1.2259485733371 0.900363024304117 -0.874841276100237 0.0639654736077646 1.25538871824736 0.814566631877615 -0.955239255963817 0.0639654736077646 1.25538871824736 0.880669383933502 -0.853826776765936 0.0375285268873596 1.22662085769007 0.794874480975444 -0.934223360880223 0.0375285268873596 1.22662085769007 0.900812959825957 -0.875321390138532 0.0382899390137575 1.25604598826016 0.815016534559849 -0.955719400775409 0.0382899390137575 1.25604598826016 0.878828930135374 -0.851862888520873 0.0894099890099795 1.22393246107864 0.793034171760185 -0.93225933714962 0.0894099890099795 1.22393246107864 0.898918599121165 -0.873299969365059 0.0916939947932501 1.25327869380237 0.81312231246852 -0.9536978501102 0.0916939947932501 1.25327869380237 0.880187888633164 -0.853312988736807 0.0638028688064228 1.22591752416035 0.794393023408774 -0.933709537491674 0.0638028688064228 1.22591752416035 0.90028773225094 -0.874760933989695 0.0660880397865418 1.25527873099008 0.81449134532484 -0.955158908698964 0.0660880397865418 1.25527873099008 1225.9485733371 1255.38871824736 1239.87678346251 25.683945969375298 25.683945969375298 117.622166514442 12000 0.665 0.775 11935.774191975595 -0.8178692696218572
3 15 295 0.117622166514442 6.56977132861018 0.0256839459693753 0.0256839459693753 1.48315148555413 4.44945445666239 0.729757294029594 -0.983702865466752 0.0626822828320099 1.22483347264716 0.738720117171693 -0.995784628649782 0.0642258080244051 1.23987678346251 0.776796317039955 -0.948439447882911 0.0632036727351741 1.2259485733371 0.682366428311751 -1.01849200388631 0.0632036727351741 1.2259485733371 0.794357329824692 -0.972109698777116 0.0639654736077646 1.25538871824736 0.699925762020547 -1.04216350039843 0.0639654736077646 1.25538871824736 0.77719734510867 -0.948979986762817 0.0375285268873596 1.22662085769007 0.682767416683949 -1.01903257221497 0.0375285268873596 1.22662085769007 0.794749379432885 -0.97263813852609 0.0382899390137575 1.25604598826016 0.700317775483918 -1.04269196696134 0.0382899390137575 1.25604598826016 0.775593671505773 -0.946818422931349 0.0894099890099795 1.22393246107864 0.681163902215797 -1.01687089032982 0.0894099890099795 1.22393246107864 0.793098735387127 -0.970413252313833 0.0916939947932501 1.25327869380237 0.698667284002693 -1.0404669675695 0.0916939947932501 1.25327869380237 0.776777795710314 -0.94841448330088 0.0638028688064228 1.22591752416035 0.682347908817054 -1.01846703794303 0.0638028688064228 1.22591752416035 0.794291724379521 -0.972021269858983 0.0660880397865418 1.25527873099008 0.69986016262938 -1.04207506698915 0.0660880397865418 1.25527873099008 1225.9485733371 1255.38871824736 1239.87678346251 25.683945969375298 25.683945969375298 117.622166514442 12000 0.665 0.775 11935.774191975595 -0.9325334104092273
3 15 296 0.117622166514442 6.56977132861018 0.0256839459693753 0.0256839459693753 1.48315148555413 4.44945445666239 0.612416736323579 -1.06073690271795 0.0626822828320099 1.22483347264716 0.619938391731256 -1.07376479204107 0.0642258080244051 1.23987678346251 0.663181461476772 -1.0310869282562 0.0632036727351741 1.2259485733371 0.561356742641548 -1.08987545708588 0.0632036727351741 1.2259485733371 0.677918970390347 -1.05661095181133 0.0639654736077646 1.25538871824736 0.576092440990292 -1.1154005259711 0.0639654736077646 1.25538871824736 0.663518011404138 -1.03166980040254 0.0375285268873596 1.22662085769007 0.561693249763753 -1.09045835394579 0.0375285268873596 1.22662085769007 0.678247985114709 -1.05718077702552 0.0382899390137575 1.25604598826016 0.576421416739321 -1.11597037368771 0.0382899390137575 1.25604598826016 0.662172179789155 -1.02933894980968 0.0894099890099795 1.22393246107864 0.560347589745399 -1.08812740428156 0.0894099890099795 1.22393246107864 0.676862736405379 -1.05478164584183 0.0916939947932501 1.25327869380237 0.575036332541894 -1.11357114752302 0.0916939947932501 1.25327869380237 0.663165918045508 -1.03106000852827 0.0638028688064228 1.22591752416035 0.561341201188924 -1.08984853621557 0.0638028688064228 1.22591752416035 0.677863913180065 -1.05651559746379 0.0660880397865418 1.25527873099008 0.576037390308104 -1.11530516785456 0.0660880397865418 1.25527873099008 1225.9485733371 1255.38871824736 1239.87678346251 25.683945969375298 25.683945969375298 117.622166514442 12000 0.665 0.775 11935.774191975595 -1.0471975511965974
3 15 297 0.117622166514442 6.56977132861018 0.0256839459693753 0.0256839459693753 1.48315148555413 4.44945445666239 0.487033024254957 -1.12383978795999 0.0626822828320099 1.22483347264716 0.493014726522919 -1.13764270208219 0.0642258080244051 1.23987678346251 0.540856734760986 -1.10019266355078 0.0632036727351741 1.2259485733371 0.432974497297912 -1.14694506806425 0.0632036727351741 1.2259485733371 0.552577185231681 -1.12723524087219 0.0639654736077646 1.25538871824736 0.444693029493876 -1.17398847669911 0.0639654736077646 1.25538871824736 0.541124386479987 -1.10081021383206 0.0375285268873596 1.22662085769007 0.433242103665286 -1.14756263799934 0.0375285268873596 1.22662085769007 0.552838843968528 -1.12783896777155 0.0382899390137575 1.25604598826016 0.44495464693676 -1.17459222149384 0.0382899390137575 1.25604598826016 0.540054072286626 -1.09834068862473 0.0894099890099795 1.22393246107864 0.432171971276781 -1.14509303400412 0.0894099890099795 1.22393246107864 0.551737183712401 -1.12529710052416 0.0916939947932501 1.25327869380237 0.443853160979295 -1.17205027871148 0.0916939947932501 1.25327869380237 0.540844373367225 -1.10016414222627 0.0638028688064228 1.22591752416035 0.432962138000498 -1.14691654583125 0.0638028688064228 1.22591752416035 0.552533399348285 -1.12713421342833 0.0660880397865418 1.25527873099008 0.444649250526928 -1.1738874462579 0.0660880397865418 1.25527873099008 1225.9485733371 1255.38871824736 1239.87678346251 25.683945969375298 25.683945969375298 117.622166514442 12000 0.665 0.775 11935.774191975595 -1.1618616919839662
3 15 298 0.117622166514442 6.56977132861018 0.0256839459693753 0.0256839459693753 1.48315148555413 4.44945445666239 0.355252880538687 -1.17218276159729 0.0626822828320099 1.22483347264716 0.359616069183788 -1.18657942041574 0.0642258080244051 1.23987678346251 0.411428684527537 -1.1548490559442 0.0632036727351741 1.2259485733371 0.298905796130509 -1.18895131502802 0.0632036727351741 1.2259485733371 0.419978146418005 -1.18305502426305 0.0639654736077646 1.25538871824736 0.307453257229944 -1.21715788972567 0.0639654736077646 1.25538871824736 0.41162392284343 -1.15549317378482 0.0375285268873596 1.22662085769007 0.299100987143935 -1.18959544720457 0.0375285268873596 1.22662085769007 0.420169012681222 -1.18368472382089 0.0382899390137575 1.25604598826016 0.307644080422901 -1.2177876023368 0.0382899390137575 1.25604598826016 0.410843183006721 -1.15291740738828 0.0894099890099795 1.22393246107864 0.298320436932581 -1.18701962333837 0.0894099890099795 1.22393246107864 0.419365409495778 -1.18103350403679 0.0916939947932501 1.25327869380237 0.306840659033731 -1.21513632745578 0.0916939947932501 1.25327869380237 0.411419667519222 -1.15481930760696 0.0638028688064228 1.22591752416035 0.298896781308719 -1.18892156602811 0.0638028688064228 1.22591752416035 0.419946206921905 -1.18294965056336 0.0660880397865418 1.25527873099008 0.307421324947809 -1.21705251383964 0.0660880397865418 1.25527873099008 1225.9485733371 1255.38871824736 1239.87678346251 25.683945969375298 25.683945969375298 117.622166514442 12000 0.665 0.775 11935.774191975595 -1.276525832771336
3 15 299 0.117622166514442 6.56977132861018 0.0256839459693753 0.0256839459693753 1.48315148555413 4.44945445666239 0.218807035207064 -1.20513091283096 0.0626822828320099 1.22483347264716 0.221494406439737 -1.21993223831705 0.0642258080244051 1.23987678346251 0.276597149669017 -1.19433827756723 0.0632036727351741 1.2259485733371 0.160911425863027 -1.21534251036241 0.0632036727351741 1.2259485733371 0.281863338912506 -1.2233371947586 0.0639654736077646 1.25538871824736 0.166175558076501 -1.24434180103407 0.0639654736077646 1.25538871824736 0.276717410426026 -1.19500050346744 0.0375285268873596 1.22662085769007 0.161031637987974 -1.2160047450924 0.0375285268873596 1.22662085769007 0.281980905966521 -1.22398459683721 0.0382899390137575 1.25604598826016 0.166293080849622 -1.24498921115245 0.0382899390137575 1.25604598826016 0.276236498766043 -1.192352324622 0.0894099890099795 1.22393246107864 0.160550921283406 -1.21335653085029 0.0894099890099795 1.22393246107864 0.281485913946844 -1.22125884422119 0.0916939947932501 1.25327869380237 0.165798275736217 -1.24226342460119 0.0916939947932501 1.25327869380237 0.276591595470721 -1.19430769291603 0.0638028688064228 1.22591752416035 0.160905873912716 -1.21531192530306 0.0638028688064228 1.22591752416035 0.281843665279986 -1.22322885872497 0.0660880397865418 1.25527873099008 0.166155891860719 -1.24423346365384 0.0660880397865418 1.25527873099008 1225.9485733371 1255.38871824736 1239.87678346251 25.683945969375298 25.683945969375298 117.622166514442 12000 0.665 0.775 11935.774191975595 -1.3911899735587074
3 15 300 0.117622166514442 6.56977132861018 0.0256839459693753 0.0256839459693753 1.48315148555413 4.44945445666239 0.0794874951257535 -1.22225151823818 0.0626822828320099 1.22483347264716 0.080463754447379 -1.23726311768741 0.0642258080244051 1.23987678346251 0.138132935559438 -1.2181416980717 0.0632036727351741 1.2259485733371 0.0208037308606733 -1.22577204620172 0.0632036727351741 1.2259485733371 0.140046688838756 -1.24755270784366 0.0639654736077646 1.25538871824736 0.0227153978869268 -1.25518319165036 0.0639654736077646 1.25538871824736 0.138176639317004 -1.21881333471019 0.0375285268873596 1.22662085769007 0.0208473852952892 -1.22644368604786 0.0375285268873596 1.22662085769007 0.140089412620666 -1.24820930980988 0.0382899390137575 1.25604598826016 0.0227580767588699 -1.25583979653724 0.0382899390137575 1.25604598826016 0.138001871870664 -1.21612752318258 0.0894099890099795 1.22393246107864 0.0206728155739838 -1.22375786166147 0.0894099890099795 1.22393246107864 0.1399095327276 -1.24544482294115 0.0916939947932501 1.25327869380237 0.0225783864273459 -1.25307529734063 0.0916939947932501 1.25327869380237 0.138130917117035 -1.21811067878902 0.0638028688064228 1.22591752416035 0.0208017146981905 -1.22574102677077 0.0638028688064228 1.22591752416035 0.140039539452799 -1.24744283230371 0.0660880397865418 1.25527873099008 0.0227082560230741 -1.25507331562122 0.0660880397865418 1.25527873099008 1225.9485733371 1255.38871824736 1239.87678346251 25.683945969375298 25.683945969375298 117.622166514442 12000 0.665 0.775 11935.774191975595 -1.5058541143460773
4 1 301 0.040222607481737 13.9364671075717 0.110076625138614 0.110076625138614 0.346133702865926 1.03840110859778 -0.0434013859091841 -0.271106328935966 0.00315079514465921 0.274558412524501 -0.0457815630773762 -0.28597408213712 0.00349538937161853 0.289615481582003 -0.0236200514191935 -0.274654275917528 0.00302684118537212 0.275668057831927 -0.063301709019953 -0.268301643200298 0.00302684118537212 0.275668057831927 -0.028283280756256 -0.303803816118085 0.00320430152065423 0.305117522699448 -0.0679714080017469 -0.297450147676058 0.00320430152065423 0.305117522699448 -0.0237304384660086 -0.275344375772781 -0.107047577087585 0.276365082779087 -0.063412273464464 -0.268991714655972 -0.107047577087585 0.276365082779087 -0.0283834929595719 -0.30443017151368 -0.106870503840447 0.305750473426346 -0.0680717391003712 -0.298076484037714 -0.106870503840447 0.305750473426346 -0.0233080472193893 -0.272703715097328 0.113685921964498 0.273697974587073 -0.0629891960732136 -0.266351163825346 0.113685921964498 0.273697974587073 -0.0279605373736637 -0.30178655993688 0.114218920195872 0.303079064616413 -0.0676482766350408 -0.295432953607191 0.114218920195872 0.303079064616413 -0.0236189033606435 -0.274647098648455 0.00362679837818381 0.275660808589059 -0.0633005591093492 -0.26829446622772 0.00362679837818381 0.275660808589059 -0.0282814506336194 -0.303792377297691 0.00416095781748046 0.305105963485024 -0.067969575700913 -0.297438709204371 0.00416095781748046 0.305105963485024 275.668057831927 305.117522699448 289.615481582003 110.076625138614 110.076625138614 40.222607481737 12000 0.665 0.775 11996.50461062838 -1.7295392467086694
4 1 302 0.040222607481737 13.9364671075717 0.110076625138614 0.110076625138614 0.346133702865926 1.03840110859778 -0.107418624031013 -0.252672834114113 0.00315079514465921 0.274558412524501 -0.113309573156284 -0.266529675276725 0.00349538937161853 0.289615481582003 -0.089074093257721 -0.260880593412277 0.00302684118537212 0.275668057831927 -0.126057652172341 -0.245157799055269 0.00302684118537212 0.275668057831927 -0.100620598025666 -0.288048950546961 0.00320430152065423 0.305117522699448 -0.137610186690593 -0.272323592766452 0.00320430152065423 0.305117522699448 -0.089347438553919 -0.261523792805445 -0.107047577087585 0.276365082779087 -0.126331162804328 -0.24580092815935 -0.107047577087585 0.276365082779087 -0.10086871540421 -0.28863273247007 -0.106870503840447 0.305750473426345 -0.137858414880325 -0.272907327580478 -0.106870503840447 0.305750473426346 -0.0883014889714858 -0.259062595405984 0.113685921964498 0.273697974587073 -0.125284573730706 -0.243340002626328 0.113685921964498 0.273697974587073 -0.0998215073824505 -0.286168806952567 0.114218920195872 0.303079064616413 -0.136810734443699 -0.270443602900375 0.114218920195872 0.303079064616413 -0.0890712503788228 -0.260873903922808 0.00362679837818381 0.275660808589059 -0.126054807567317 -0.245151110299628 0.00362679837818381 0.275660808589059 -0.100616066783487 -0.288038289224099 0.00416095781748046 0.305105963485024 -0.13760565341832 -0.272312932306642 0.00416095781748046 0.305105963485024 275.668057831927 305.117522699448 289.615481582003 110.076625138614 110.076625138614 40.222607481737 12000 0.665 0.775 11996.50461062838 -1.9727764838316855
