marxs/missions/athena/data/xous.csv
# %ECSV 1.0
# ---
# datatype:
# - {name: 'Petal #', datatype: int64}
# - {name: 'Row #', datatype: int64}
# - {name: 'MM #', datatype: int64}
# - {name: 'stack_width [m]', datatype: float64}
# - {name: 'phi [deg]', datatype: float64}
# - {name: 'lengthp [m]', datatype: float64}
# - {name: 'lengths [m]', datatype: float64}
# - {name: 'anglep [deg]', datatype: float64}
# - {name: 'angles [deg]', datatype: float64}
# - {name: 'x_MM [m]', datatype: float64}
# - {name: 'y_MM [m]', datatype: float64}
# - {name: 'z_MM [m]', datatype: float64}
# - {name: 'r_MM [m]', datatype: float64}
# - {name: 'xkink [m]', datatype: float64}
# - {name: 'ykink [m]', datatype: float64}
# - {name: 'zkink [m]', datatype: float64}
# - {name: 'rkink [m]', datatype: float64}
# - {name: 'xp1 [m]', datatype: float64}
# - {name: 'yp1 [m]', datatype: float64}
# - {name: 'zp1 [m]', datatype: float64}
# - {name: 'rp1 [m]', datatype: float64}
# - {name: 'xp2 [m]', datatype: float64}
# - {name: 'yp2 [m]', datatype: float64}
# - {name: 'zp2 [m]', datatype: float64}
# - {name: 'rp2 [m]', datatype: float64}
# - {name: 'xp3 [m]', datatype: float64}
# - {name: 'yp3 [m]', datatype: float64}
# - {name: 'zp3 [m]', datatype: float64}
# - {name: 'rp3 [m]', datatype: float64}
# - {name: 'xp4 [m]', datatype: float64}
# - {name: 'yp4 [m]', datatype: float64}
# - {name: 'zp4 [m]', datatype: float64}
# - {name: 'rp4 [m]', datatype: float64}
# - {name: 'xp5 [m]', datatype: float64}
# - {name: 'yp5 [m]', datatype: float64}
# - {name: 'zp5 [m]', datatype: float64}
# - {name: 'rp5 [m]', datatype: float64}
# - {name: 'xp6 [m]', datatype: float64}
# - {name: 'yp6 [m]', datatype: float64}
# - {name: 'zp6 [m]', datatype: float64}
# - {name: 'rp6 [m]', datatype: float64}
# - {name: 'xp7 [m]', datatype: float64}
# - {name: 'yp7 [m]', datatype: float64}
# - {name: 'zp7 [m]', datatype: float64}
# - {name: 'rp7 [m]', datatype: float64}
# - {name: 'xp8 [m]', datatype: float64}
# - {name: 'yp8 [m]', datatype: float64}
# - {name: 'zp8 [m]', datatype: float64}
# - {name: 'rp8 [m]', datatype: float64}
# - {name: 'xs1 [m]', datatype: float64}
# - {name: 'ys1 [m]', datatype: float64}
# - {name: 'zs1 [m]', datatype: float64}
# - {name: 'rs1 [m]', datatype: float64}
# - {name: 'xs2 [m]', datatype: float64}
# - {name: 'ys2 [m]', datatype: float64}
# - {name: 'zs2 [m]', datatype: float64}
# - {name: 'rs2 [m]', datatype: float64}
# - {name: 'xs3 [m]', datatype: float64}
# - {name: 'ys3 [m]', datatype: float64}
# - {name: 'zs3 [m]', datatype: float64}
# - {name: 'rs3 [m]', datatype: float64}
# - {name: 'xs4 [m]', datatype: float64}
# - {name: 'ys4 [m]', datatype: float64}
# - {name: 'zs4 [m]', datatype: float64}
# - {name: 'rs4 [m]', datatype: float64}
# - {name: 'xs5 [m]', datatype: float64}
# - {name: 'ys5 [m]', datatype: float64}
# - {name: 'zs5 [m]', datatype: float64}
# - {name: 'rs5 [m]', datatype: float64}
# - {name: 'xs6 [m]', datatype: float64}
# - {name: 'ys6 [m]', datatype: float64}
# - {name: 'zs6 [m]', datatype: float64}
# - {name: 'rs6 [m]', datatype: float64}
# - {name: 'xs7 [m]', datatype: float64}
# - {name: 'ys7 [m]', datatype: float64}
# - {name: 'zs7 [m]', datatype: float64}
# - {name: 'rs7 [m]', datatype: float64}
# - {name: 'xs8 [m]', datatype: float64}
# - {name: 'ys8 [m]', datatype: float64}
# - {name: 'zs8 [m]', datatype: float64}
# - {name: 'rs8 [m]', datatype: float64}
# - {name: inner_radius, unit: mm, datatype: float64}
# - {name: outer_radius, unit: mm, datatype: float64}
# - {name: kink_radius, unit: mm, datatype: float64}
# - {name: primary_length, unit: mm, datatype: float64}
# - {name: secondary_length, unit: mm, datatype: float64}
# - {name: azwidth, unit: mm, datatype: float64}
# - {name: focal_length, unit: mm, datatype: int64}
# - {name: pore_space, unit: mm, datatype: float64}
# - {name: plate_height, unit: mm, datatype: float64}
# - {name: z0, unit: mm, datatype: float64}
# - {name: clocking_angle, unit: rad, datatype: float64}
# schema: astropy-2.0
"Petal #" "Row #" "MM #" "stack_width [m]" "phi [deg]" "lengthp [m]" "lengths [m]" "anglep [deg]" "angles [deg]" "x_MM [m]" "y_MM [m]" "z_MM [m]" "r_MM [m]" "xkink [m]" "ykink [m]" "zkink [m]" "rkink [m]" "xp1 [m]" "yp1 [m]" "zp1 [m]" "rp1 [m]" "xp2 [m]" "yp2 [m]" "zp2 [m]" "rp2 [m]" "xp3 [m]" "yp3 [m]" "zp3 [m]" "rp3 [m]" "xp4 [m]" "yp4 [m]" "zp4 [m]" "rp4 [m]" "xp5 [m]" "yp5 [m]" "zp5 [m]" "rp5 [m]" "xp6 [m]" "yp6 [m]" "zp6 [m]" "rp6 [m]" "xp7 [m]" "yp7 [m]" "zp7 [m]" "rp7 [m]" "xp8 [m]" "yp8 [m]" "zp8 [m]" "rp8 [m]" "xs1 [m]" "ys1 [m]" "zs1 [m]" "rs1 [m]" "xs2 [m]" "ys2 [m]" "zs2 [m]" "rs2 [m]" "xs3 [m]" "ys3 [m]" "zs3 [m]" "rs3 [m]" "xs4 [m]" "ys4 [m]" "zs4 [m]" "rs4 [m]" "xs5 [m]" "ys5 [m]" "zs5 [m]" "rs5 [m]" "xs6 [m]" "ys6 [m]" "zs6 [m]" "rs6 [m]" "xs7 [m]" "ys7 [m]" "zs7 [m]" "rs7 [m]" "xs8 [m]" "ys8 [m]" "zs8 [m]" "rs8 [m]" inner_radius outer_radius kink_radius primary_length secondary_length azwidth focal_length pore_space plate_height z0 clocking_angle
[from data line 381]
4 13 382 0.101927998919283 6.55745101131042 0.0296414151376348 0.0296414151376348 1.28520526644274 3.85561579932823 -0.906054733686829 -0.605868485676306 0.0496125617977956 1.08995954162162 -0.893547138187716 -0.597504798955456 0.0482402330425948 1.07491323972601 -0.852629790901617 -0.631428585148308 0.0473144878643473 1.06098049863102 -0.90926603694554 -0.546731097096809 0.0473144878643473 1.06098049863102 -0.877131529614377 -0.647813874606267 0.0479745748491956 1.09042309970765 -0.933768936125511 -0.563114651117401 0.0479745748491956 1.09042309970765 -0.853190272322571 -0.631803402590132 0.0176807248611736 1.06165398332523 -0.909826545995118 -0.547105873221011 0.0176807248611736 1.06165398332523 -0.877677578046622 -0.648179037810035 0.0183404236331695 1.09107928037431 -0.934315009355882 -0.563479777236456 0.0183404236331695 1.09107928037431 -0.850955850806997 -0.630309150835467 0.0774887336626294 1.05896906737146 -0.907592014021198 -0.545611786652868 0.0774887336626294 1.05896906737146 -0.875393981660023 -0.646651910361773 0.0794683103778765 1.0883351121328 -0.93203130896412 -0.561952805324208 0.0794683103778765 1.0883351121328 -0.852607399708097 -0.631413611216572 0.0479138262333049 1.06095359298442 -0.909243644647167 -0.546716124817342 0.0479138262333049 1.06095359298442 -0.877059803251784 -0.647765908475835 0.049894566805919 1.09033690695288 -0.933697206502228 -0.563066689863215 0.049894566805919 1.09033690695288 1060.98049863102 1090.42309970765 1074.91323972601 29.6414151376348 29.6414151376348 101.927998919283 12000 0.665 0.775 11951.759766957406 -2.5521915451355905
4 14 383 0.109775284453898 6.56397957932824 0.0278860312392695 0.0278860312392695 1.36607726369813 4.09823179109439 -0.0755781730675036 -1.15492802451616 0.0559554285396873 1.15739829015643 -0.0745957434971096 -1.13991528476724 0.0544975568791521 1.1423534397873 -0.0188500007815115 -1.12826503597176 0.053532443578613 1.1284224891085 -0.128347799303041 -1.12109953007745 0.053532443578613 1.1284224891085 -0.0207736726108137 -1.15767776005378 0.0542340873600405 1.15786412916062 -0.130273639377512 -1.15051211227011 0.0542340873600405 1.15786412916062 -0.0188939709641058 -1.12893734966506 0.0256545335058744 1.12909544397609 -0.128391820947347 -1.12177184040311 0.0256545335058744 1.12909544397609 -0.0208165778896041 -1.15833376250873 0.0263557888709674 1.15852079622365 -0.130316591141011 -1.15116811168311 0.0263557888709674 1.15852079622365 -0.0187184476225269 -1.12625355521681 0.0819470075565916 1.12640909571963 -0.128216091626226 -1.11908805943411 0.0819470075565916 1.12640909571963 -0.0206366835943809 -1.15558325540823 0.0840509879962412 1.15576750814758 -0.130136501413047 -1.14841761737167 0.0840509879962412 1.15576750814758 -0.0188481322637132 -1.12823646591097 0.05413170021136 1.12839389182196 -0.128345928596333 -1.1210709601599 0.05413170021136 1.12839389182196 -0.0207674279916158 -1.15758228257852 0.0562368450169729 1.15776855502517 -0.130267387986137 -1.15041663523801 0.0562368450169729 1.15776855502517 1128.4224891085 1157.86412916062 1142.3534397873 27.8860312392695 27.8860312392695 109.77528445389801 12000 0.665 0.775 11945.502443120848 -1.636142879621396
4 14 384 0.109775284453898 6.56397957932824 0.0278860312392695 0.0278860312392695 1.36607726369813 4.09823179109439 -0.207105592634895 -1.1387177330473 0.0559554285396873 1.15739829015643 -0.204413457456968 -1.12391570849613 0.0544975568791521 1.1423534397873 -0.147701367252031 -1.1187142709547 0.053532443578613 1.1284224891085 -0.255662281057323 -1.09907875603634 0.053532443578613 1.1284224891085 -0.152974674609789 -1.14771428958819 0.0542340873600405 1.15786412916062 -0.260937726227284 -1.12807838585278 0.0542340873600405 1.15786412916062 -0.147821903141734 -1.11937715116895 0.0256545335058744 1.12909544397609 -0.255782867686433 -1.0997416270223 0.0256545335058744 1.12909544397609 -0.153092287995936 -1.14836108721902 0.0263557888709674 1.15852079622365 -0.261055385445691 -1.12872517514782 0.0263557888709674 1.15852079622365 -0.147340738813025 -1.11673101398946 0.0819470075565916 1.12640909571963 -0.255301500269263 -1.09709552677976 0.0819470075565916 1.12640909571963 -0.152599155267923 -1.14564917435539 0.0840509879962412 1.15576750814758 -0.260562060027983 -1.12601329732985 0.0840509879962412 1.15576750814758 -0.147696245064208 -1.11868610177075 0.05413170021136 1.12839389182195 -0.255657156711314 -1.09905058724491 0.05413170021136 1.12839389182196 -0.15295755664487 -1.14762015182303 0.0562368450169729 1.15776855502517 -0.26092060158524 -1.12798424930203 0.0562368450169729 1.15776855502517 1128.4224891085 1157.86412916062 1142.3534397873 27.8860312392695 27.8860312392695 109.77528445389801 12000 0.665 0.775 11945.502443120848 -1.7507059353143455
4 14 385 0.109775284453898 6.56397957932824 0.0278860312392695 0.0278860312392695 1.36607726369813 4.09823179109439 -0.335917786388021 -1.10757845900198 0.0559554285396873 1.15739829015643 -0.331551240424094 -1.09318120930023 0.0544975568791521 1.1423534397873 -0.274616317809958 -1.0944967756546 0.053532443578613 1.1284224891085 -0.37962494204989 -1.06264868009114 0.053532443578613 1.1284224891085 -0.283170125816315 -1.12270388858419 0.0542340873600405 1.15786412916062 -0.388180829408028 -1.09085516237353 0.0542340873600405 1.15786412916062 -0.274811839139644 -1.09514153180137 0.0256545335058744 1.12909544397609 -0.379820512731469 -1.06329342126995 0.0256545335058744 1.12909544397609 -0.283360905357726 -1.12333300165068 0.0263557888709674 1.15852079622365 -0.388371653528373 -1.09148426191966 0.0263557888709674 1.15852079622365 -0.274031342054259 -1.09256774366254 0.0819470075565916 1.12640909571963 -0.37903981811126 -1.06071969304152 0.0819470075565916 1.12640909571963 -0.28256099933722 -1.12069523713774 0.0840509879962412 1.15576750814758 -0.387571560087448 -1.08884655424951 0.0840509879962412 1.15576750814758 -0.274608009105761 -1.09446937665522 0.05413170021136 1.12839389182196 -0.379616631246524 -1.06262128172841 0.05413170021136 1.12839389182196 -0.283142358928104 -1.12261232470774 0.0562368450169729 1.15776855502517 -0.388153056025284 -1.09076360046681 0.0562368450169729 1.15776855502517 1128.4224891085 1157.86412916062 1142.3534397873 27.8860312392695 27.8860312392695 109.77528445389801 12000 0.665 0.775 11945.502443120848 -1.8652689910072962
4 14 386 0.109775284453898 6.56397957932824 0.0278860312392695 0.0278860312392695 1.36607726369813 4.09823179109439 -0.460325981999582 -1.06191844901252 0.0559554285396873 1.15739829015643 -0.454342272174615 -1.04811472707384 0.0544975568791521 1.1423534397873 -0.397930953641229 -1.05593004979496 0.053532443578613 1.1284224891085 -0.498610589002039 -1.0122869131135 0.053532443578613 1.1284224891085 -0.409653118920367 -1.08297445203278 0.0542340873600405 1.15786412916062 -0.510334747911514 -1.03933045114197 0.0542340873600405 1.15786412916062 -0.398198897058771 -1.05654822889859 0.0256545335058744 1.12909544397609 -0.498878579736938 -1.01290507170574 0.0256545335058744 1.12909544397609 -0.409914563431394 -1.08357763264545 0.0263557888709674 1.15852079622365 -0.510596235163706 -1.03993361322698 0.0263557888709674 1.15852079622365 -0.397129299802933 -1.05408053305141 0.0819470075565916 1.12640909571963 -0.497808793089665 -1.01043745795696 0.0819470075565916 1.12640909571963 -0.40881837116246 -1.08104859848655 0.0840509879962412 1.15576750814758 -0.509499863200775 -1.03740465696277 0.0840509879962412 1.15576750814758 -0.397919567350638 -1.0559037801905 0.05413170021136 1.12839389182196 -0.498599200698818 -1.01226064438147 0.05413170021136 1.12839389182196 -0.409615067142354 -1.08288666247906 0.0562368450169729 1.15776855502517 -0.510296689906706 -1.03924266428748 0.0562368450169729 1.15776855502517 1128.4224891085 1157.86412916062 1142.3534397873 27.8860312392695 27.8860312392695 109.77528445389801 12000 0.665 0.775 11945.502443120848 -1.9798320467002455
4 14 387 0.109775284453898 6.56397957932824 0.0278860312392695 0.0278860312392695 1.36607726369813 4.09823179109439 -0.578699145078216 -1.00233632157214 0.0559554285396873 1.15739829015643 -0.571176719893649 -0.989307098956336 0.0544975568791521 1.1423534397873 -0.516028577300711 -1.00351971646541 0.053532443578613 1.1284224891085 -0.611059279007249 -0.948653715253862 0.053532443578613 1.1284224891085 -0.530765418219216 -1.02904684656213 0.0542340873600405 1.15786412916062 -0.625798001697467 -0.974179758909179 0.0542340873600405 1.15786412916062 -0.516365429975407 -1.00410321398444 0.0256545335058744 1.12909544397609 -0.611396176344421 -0.949237186986995 0.0256545335058744 1.12909544397609 -0.531094100072067 -1.02961618681493 0.0263557888709674 1.15852079622365 -0.626126723893362 -0.974749075869909 0.0263557888709674 1.15852079622365 -0.515020755338376 -1.00177396277334 0.0819470075565916 1.12640909571963 -0.61005132294233 -0.946908038985951 0.0819470075565916 1.12640909571963 -0.529715993013766 -1.02722903952093 0.0840509879962412 1.15576750814758 -0.624748447223336 -0.972362026501287 0.0840509879962412 1.15576750814758 -0.516014262701926 -1.00349492065944 0.05413170021136 1.12839389182196 -0.611044962508758 -0.948628920544681 0.05413170021136 1.12839389182196 -0.530717580423346 -1.0289639822825 0.0562368450169729 1.15776855502517 -0.625750158024176 -0.974096898022879 0.0562368450169729 1.15776855502517 1128.4224891085 1157.86412916062 1142.3534397873 27.8860312392695 27.8860312392695 109.77528445389801 12000 0.665 0.775 11945.502443120848 -2.0943951023931966
4 14 388 0.109775284453898 6.56397957932824 0.0278860312392695 0.0278860312392695 1.36607726369813 4.09823179109439 -0.689485362592421 -0.929613218939914 0.0559554285396873 1.15739829015643 -0.680522843639235 -0.917529313253281 0.0544975568791521 1.1423534397873 -0.627360888173801 -0.937952893228436 0.053532443578613 1.1284224891085 -0.715496770921192 -0.872583339702954 0.053532443578613 1.1284224891085 -0.644919199659935 -0.961628081696285 0.0542340873600405 1.15786412916062 -0.733056827649738 -0.896257233740956 0.0542340873600405 1.15786412916062 -0.627762233850804 -0.93849405930896 0.0256545335058744 1.12909544397609 -0.715898158020246 -0.873124475061133 0.0256545335058744 1.12909544397609 -0.645310809722054 -0.962156117341953 0.0263557888709674 1.15852079622365 -0.733448475127868 -0.896785241635521 0.0263557888709674 1.15852079622365 -0.626160110981264 -0.936333790021399 0.0819470075565916 1.12640909571963 -0.714295869355695 -0.870964328742169 0.0819470075565916 1.12640909571963 -0.643668855333657 -0.959942153237954 0.0840509879962412 1.15576750814758 -0.731806363433686 -0.89457139420374 0.0840509879962412 1.15576750814758 -0.627343832936155 -0.937929896302529 0.05413170021136 1.12839389182196 -0.715479713921671 -0.872560344083813 0.05413170021136 1.12839389182196 -0.644862203016227 -0.961551229070056 0.0562368450169729 1.15776855502517 -0.732999825555036 -0.896180385157678 0.0562368450169729 1.15776855502517 1128.4224891085 1157.86412916062 1142.3534397873 27.8860312392695 27.8860312392695 109.77528445389801 12000 0.665 0.775 11945.502443120848 -2.2089581580861464
4 14 389 0.109775284453898 6.56397957932824 0.0278860312392695 0.0278860312392695 1.36607726369813 4.09823179109439 -0.791232188986127 -0.84470256609605 0.0559554285396873 1.15739829015643 -0.780947077981747 -0.833722401513622 0.0544975568791521 1.1423534397873 -0.730468281231982 -0.860089183770967 0.053532443578613 1.1284224891085 -0.810553853172062 -0.785073095344464 0.053532443578613 1.1284224891085 -0.750617867760864 -0.881602040716231 0.0542340873600405 1.15786412916062 -0.830705025533325 -0.806584466841859 0.0542340873600405 1.15786412916062 -0.730928858130916 -0.860580923538859 0.0256545335058744 1.12909544397609 -0.811014467709567 -0.785564799856338 0.0256545335058744 1.12909544397609 -0.751067271889151 -0.882081849025171 0.0263557888709674 1.15852079622365 -0.831154463660053 -0.807064243304488 0.0263557888709674 1.15852079622365 -0.729090291412756 -0.858617958050942 0.0819470075565916 1.12640909571963 -0.809175750340073 -0.783601975483399 0.0819470075565916 1.12640909571963 -0.749182996759507 -0.880070093944854 0.0840509879962412 1.15576750814758 -0.829270045592897 -0.805052622113619 0.0840509879962412 1.15576750814758 -0.730448708955526 -0.860068287222766 0.05413170021136 1.12839389182196 -0.810534279294661 -0.785052200295867 0.05413170021136 1.12839389182196 -0.750552459514992 -0.881532207307862 0.0562368450169729 1.15776855502517 -0.830639612334352 -0.806514638073057 0.0562368450169729 1.15776855502517 1128.4224891085 1157.86412916062 1142.3534397873 27.8860312392695 27.8860312392695 109.77528445389801 12000 0.665 0.775 11945.502443120848 -2.323521213779096
4 14 390 0.109775284453898 6.56397957932824 0.0278860312392695 0.0278860312392695 1.36607726369813 4.09823179109439 -0.882605688241341 -0.748717571011299 0.0559554285396873 1.15739829015643 -0.871132826541551 -0.738985101281208 0.0544975568791521 1.1423534397873 -0.823998982958606 -0.770949408203286 0.053532443578613 1.1284224891085 -0.894984294596939 -0.687270271691301 0.053532443578613 1.1284224891085 -0.846475676495015 -0.790017892644968 0.0542340873600405 1.15786412916062 -0.917462393764887 -0.706337099141828 0.0542340873600405 1.15786412916062 -0.824512752757331 -0.771385274780436 0.0256545335058744 1.12909544397609 -0.8954980977573 -0.687706098940978 0.0256545335058744 1.12909544397609 -0.846976982846208 -0.790443183164616 0.0263557888709674 1.15852079622365 -0.917963730251219 -0.706762354137473 0.0263557888709674 1.15852079622365 -0.822461846434917 -0.769645348247342 0.0819470075565916 1.12640909571963 -0.89344705790232 -0.685966329819179 0.0819470075565916 1.12640909571963 -0.844875090472737 -0.788660011911562 0.0840509879962412 1.15576750814758 -0.915861711182471 -0.704979332235758 0.0840509879962412 1.15576750814758 -0.823977150242643 -0.770930885993752 0.05413170021136 1.12839389182196 -0.894962460461948 -0.687251751154549 0.05413170021136 1.12839389182196 -0.846402714171662 -0.789955993994552 0.0562368450169729 1.15776855502517 -0.917389427051262 -0.706275205666767 0.0562368450169729 1.15776855502517 1128.4224891085 1157.86412916062 1142.3534397873 27.8860312392695 27.8860312392695 109.77528445389801 12000 0.665 0.775 11945.502443120848 -2.4380842694720464
