marxs/missions/athena/data/xous.csv
# %ECSV 1.0
# ---
# datatype:
# - {name: 'Petal #', datatype: int64}
# - {name: 'Row #', datatype: int64}
# - {name: 'MM #', datatype: int64}
# - {name: 'stack_width [m]', datatype: float64}
# - {name: 'phi [deg]', datatype: float64}
# - {name: 'lengthp [m]', datatype: float64}
# - {name: 'lengths [m]', datatype: float64}
# - {name: 'anglep [deg]', datatype: float64}
# - {name: 'angles [deg]', datatype: float64}
# - {name: 'x_MM [m]', datatype: float64}
# - {name: 'y_MM [m]', datatype: float64}
# - {name: 'z_MM [m]', datatype: float64}
# - {name: 'r_MM [m]', datatype: float64}
# - {name: 'xkink [m]', datatype: float64}
# - {name: 'ykink [m]', datatype: float64}
# - {name: 'zkink [m]', datatype: float64}
# - {name: 'rkink [m]', datatype: float64}
# - {name: 'xp1 [m]', datatype: float64}
# - {name: 'yp1 [m]', datatype: float64}
# - {name: 'zp1 [m]', datatype: float64}
# - {name: 'rp1 [m]', datatype: float64}
# - {name: 'xp2 [m]', datatype: float64}
# - {name: 'yp2 [m]', datatype: float64}
# - {name: 'zp2 [m]', datatype: float64}
# - {name: 'rp2 [m]', datatype: float64}
# - {name: 'xp3 [m]', datatype: float64}
# - {name: 'yp3 [m]', datatype: float64}
# - {name: 'zp3 [m]', datatype: float64}
# - {name: 'rp3 [m]', datatype: float64}
# - {name: 'xp4 [m]', datatype: float64}
# - {name: 'yp4 [m]', datatype: float64}
# - {name: 'zp4 [m]', datatype: float64}
# - {name: 'rp4 [m]', datatype: float64}
# - {name: 'xp5 [m]', datatype: float64}
# - {name: 'yp5 [m]', datatype: float64}
# - {name: 'zp5 [m]', datatype: float64}
# - {name: 'rp5 [m]', datatype: float64}
# - {name: 'xp6 [m]', datatype: float64}
# - {name: 'yp6 [m]', datatype: float64}
# - {name: 'zp6 [m]', datatype: float64}
# - {name: 'rp6 [m]', datatype: float64}
# - {name: 'xp7 [m]', datatype: float64}
# - {name: 'yp7 [m]', datatype: float64}
# - {name: 'zp7 [m]', datatype: float64}
# - {name: 'rp7 [m]', datatype: float64}
# - {name: 'xp8 [m]', datatype: float64}
# - {name: 'yp8 [m]', datatype: float64}
# - {name: 'zp8 [m]', datatype: float64}
# - {name: 'rp8 [m]', datatype: float64}
# - {name: 'xs1 [m]', datatype: float64}
# - {name: 'ys1 [m]', datatype: float64}
# - {name: 'zs1 [m]', datatype: float64}
# - {name: 'rs1 [m]', datatype: float64}
# - {name: 'xs2 [m]', datatype: float64}
# - {name: 'ys2 [m]', datatype: float64}
# - {name: 'zs2 [m]', datatype: float64}
# - {name: 'rs2 [m]', datatype: float64}
# - {name: 'xs3 [m]', datatype: float64}
# - {name: 'ys3 [m]', datatype: float64}
# - {name: 'zs3 [m]', datatype: float64}
# - {name: 'rs3 [m]', datatype: float64}
# - {name: 'xs4 [m]', datatype: float64}
# - {name: 'ys4 [m]', datatype: float64}
# - {name: 'zs4 [m]', datatype: float64}
# - {name: 'rs4 [m]', datatype: float64}
# - {name: 'xs5 [m]', datatype: float64}
# - {name: 'ys5 [m]', datatype: float64}
# - {name: 'zs5 [m]', datatype: float64}
# - {name: 'rs5 [m]', datatype: float64}
# - {name: 'xs6 [m]', datatype: float64}
# - {name: 'ys6 [m]', datatype: float64}
# - {name: 'zs6 [m]', datatype: float64}
# - {name: 'rs6 [m]', datatype: float64}
# - {name: 'xs7 [m]', datatype: float64}
# - {name: 'ys7 [m]', datatype: float64}
# - {name: 'zs7 [m]', datatype: float64}
# - {name: 'rs7 [m]', datatype: float64}
# - {name: 'xs8 [m]', datatype: float64}
# - {name: 'ys8 [m]', datatype: float64}
# - {name: 'zs8 [m]', datatype: float64}
# - {name: 'rs8 [m]', datatype: float64}
# - {name: inner_radius, unit: mm, datatype: float64}
# - {name: outer_radius, unit: mm, datatype: float64}
# - {name: kink_radius, unit: mm, datatype: float64}
# - {name: primary_length, unit: mm, datatype: float64}
# - {name: secondary_length, unit: mm, datatype: float64}
# - {name: azwidth, unit: mm, datatype: float64}
# - {name: focal_length, unit: mm, datatype: int64}
# - {name: pore_space, unit: mm, datatype: float64}
# - {name: plate_height, unit: mm, datatype: float64}
# - {name: z0, unit: mm, datatype: float64}
# - {name: clocking_angle, unit: rad, datatype: float64}
# schema: astropy-2.0
"Petal #" "Row #" "MM #" "stack_width [m]" "phi [deg]" "lengthp [m]" "lengths [m]" "anglep [deg]" "angles [deg]" "x_MM [m]" "y_MM [m]" "z_MM [m]" "r_MM [m]" "xkink [m]" "ykink [m]" "zkink [m]" "rkink [m]" "xp1 [m]" "yp1 [m]" "zp1 [m]" "rp1 [m]" "xp2 [m]" "yp2 [m]" "zp2 [m]" "rp2 [m]" "xp3 [m]" "yp3 [m]" "zp3 [m]" "rp3 [m]" "xp4 [m]" "yp4 [m]" "zp4 [m]" "rp4 [m]" "xp5 [m]" "yp5 [m]" "zp5 [m]" "rp5 [m]" "xp6 [m]" "yp6 [m]" "zp6 [m]" "rp6 [m]" "xp7 [m]" "yp7 [m]" "zp7 [m]" "rp7 [m]" "xp8 [m]" "yp8 [m]" "zp8 [m]" "rp8 [m]" "xs1 [m]" "ys1 [m]" "zs1 [m]" "rs1 [m]" "xs2 [m]" "ys2 [m]" "zs2 [m]" "rs2 [m]" "xs3 [m]" "ys3 [m]" "zs3 [m]" "rs3 [m]" "xs4 [m]" "ys4 [m]" "zs4 [m]" "rs4 [m]" "xs5 [m]" "ys5 [m]" "zs5 [m]" "rs5 [m]" "xs6 [m]" "ys6 [m]" "zs6 [m]" "rs6 [m]" "xs7 [m]" "ys7 [m]" "zs7 [m]" "rs7 [m]" "xs8 [m]" "ys8 [m]" "zs8 [m]" "rs8 [m]" inner_radius outer_radius kink_radius primary_length secondary_length azwidth focal_length pore_space plate_height z0 clocking_angle
[from data line 1012]
5 4 413 0.0711371453610256 11.5364601329651 0.0645235685581199 0.0645235685581199 0.590487247666118 1.77146174299835 -0.440827839827047 -0.18778280331458 0.00957959843266298 0.479157140807964 -0.4546789426751 -0.193683063431605 0.010181238649702 0.49421257569228 -0.426711880458375 -0.220395593264846 0.00959370762020706 0.480267890301742 -0.454565215722531 -0.155008745269468 0.00959370762020706 0.480267890301742 -0.45387313423573 -0.231969643756104 0.00989676121661086 0.509716330526401 -0.481729327731548 -0.16657608594456 0.00989676121661086 0.509716330526401 -0.427342615024806 -0.220664372448862 -0.0549262380687188 0.480951635702063 -0.455196022660052 -0.15527735455938 -0.0549262380687188 0.480951635702063 -0.454469043055846 -0.232223566953114 -0.0546235715927095 0.510362514439025 -0.482325293781163 -0.166829874792974 -0.0546235715927095 0.510362514439025 -0.424877794146312 -0.219614019223553 0.0746868900201684 0.478279685328741 -0.452730917203054 -0.154227669393792 0.0746868900201684 0.478279685328741 -0.45199341549983 -0.231168673276037 0.0755965651029082 0.507678050696901 -0.479849427041131 -0.165775542610193 0.0755965651029082 0.507678050696901 -0.426700472903518 -0.22039073208245 0.0101935805928307 0.480255524032701 -0.454553806855919 -0.15500388716647 0.0101935805928307 0.480255524032701 -0.45385017552323 -0.231959860794226 0.0111044168722918 0.50969143493112 -0.481706366809807 -0.166566308168967 0.0111044168722918 0.50969143493112 480.267890301742 509.71633052640095 494.21257569228 64.5235685581199 64.5235685581199 71.1371453610256 12000 0.665 0.775 11989.818761350298 -2.7388942268991854
5 4 414 0.0711371453610256 11.5364601329651 0.0645235685581199 0.0645235685581199 0.590487247666118 1.77146174299835 -0.469477035065264 -0.0958273402197514 0.00957959843266298 0.479157140807964 -0.484228314612488 -0.0988382987507731 0.010181238649702 0.494212575692281 -0.462168531162929 -0.130604346243096 0.00959370762020706 0.480267890301742 -0.476382351531462 -0.0609680375626441 0.00959370762020706 0.480267890301742 -0.491095774828383 -0.136512554554549 0.00989676121661086 0.509716330526401 -0.505311053779562 -0.0668690999901156 0.00989676121661086 0.509716330526401 -0.462840276945387 -0.130741553920733 -0.0549262380687188 0.480951635702063 -0.477054134245571 -0.0611050643048382 -0.0549262380687188 0.480951635702063 -0.491730427356183 -0.136642171223346 -0.0546235715927095 0.510362514439025 -0.505945735512115 -0.0669985735790624 -0.0546235715927095 0.510362514439025 -0.460215189585206 -0.13020536345793 0.0746868900201684 0.478279685328741 -0.47442890166229 -0.0605695853186451 0.0746868900201684 0.478279685328741 -0.489093843587269 -0.13610369327993 0.0755965651029082 0.507678050696901 -0.503309029685336 -0.0664606936211947 0.0755965651029082 0.507678050696901 -0.462156381872613 -0.130601864681711 0.0101935805928307 0.480255524032701 -0.476370201571745 -0.0609655592807855 0.0101935805928307 0.480255524032701 -0.491071323427179 -0.13650756077823 0.0111044168722918 0.50969143493112 -0.505286601250961 -0.066864111737135 0.0111044168722918 0.50969143493112 480.267890301742 509.71633052640095 494.212575692281 64.5235685581199 64.5235685581199 71.1371453610256 12000 0.665 0.775 11989.818761350298 -2.9402434402444895
5 4 415 0.0711371453610256 11.5364601329651 0.0645235685581199 0.0645235685581199 0.590487247666118 1.77146174299835 -0.479157140807964 -8.80557946078964e-17 0.00957959843266298 0.479157140807964 -0.494212575692281 -9.0822566025871e-17 0.010181238649702 0.494212575692281 -0.478951390446733 -0.0355360668058104 0.00959370762020706 0.480267890301742 -0.478951390446733 0.0355360668058102 0.00959370762020706 0.480267890301742 -0.508475826736598 -0.0355397134179786 0.00989676121661086 0.509716330526401 -0.508475826736598 0.0355397134179784 0.00989676121661086 0.509716330526401 -0.479637005743037 -0.0355361591388781 -0.0549262380687188 0.480951635702063 -0.479637005743037 0.035536159138878 -0.0549262380687188 0.480951635702063 -0.509123580012577 -0.0355397864329787 -0.0546235715927095 0.510362514439025 -0.509123580012577 0.0355397864329785 -0.0546235715927095 0.510362514439025 -0.476957717828468 -0.0355357960656364 0.0746868900201684 0.478279685328741 -0.476957717828468 0.0355357960656362 0.0746868900201684 0.478279685328741 -0.506432570467272 -0.0355394812752988 0.0755965651029082 0.507678050696901 -0.506432570467272 0.0355394812752987 0.0755965651029082 0.507678050696901 -0.478938990309665 -0.0355360651322374 0.0101935805928307 0.480255524032701 -0.478938990309665 0.0355360651322372 0.0101935805928307 0.480255524032701 -0.50845087059878 -0.0355397105993668 0.0111044168722918 0.50969143493112 -0.50845087059878 0.0355397105993666 0.0111044168722918 0.50969143493112 480.267890301742 509.71633052640095 494.212575692281 64.5235685581199 64.5235685581199 71.1371453610256 12000 0.665 0.775 11989.818761350298 -3.141592653589793
5 4 416 0.0711371453610256 11.5364601329651 0.0645235685581199 0.0645235685581199 0.590487247666118 1.77146174299835 -0.469477035065264 0.0958273402197512 0.00957959843266298 0.479157140807964 -0.484228314612488 0.0988382987507729 0.010181238649702 0.494212575692281 -0.476382351531462 0.0609680375626439 0.00959370762020706 0.480267890301742 -0.462168531162929 0.130604346243095 0.00959370762020706 0.480267890301742 -0.505311053779562 0.0668690999901154 0.00989676121661086 0.509716330526401 -0.491095774828383 0.136512554554549 0.00989676121661086 0.509716330526401 -0.477054134245572 0.061105064304838 -0.0549262380687188 0.480951635702063 -0.462840276945387 0.130741553920733 -0.0549262380687188 0.480951635702063 -0.505945735512115 0.0669985735790622 -0.0546235715927095 0.510362514439025 -0.491730427356183 0.136642171223345 -0.0546235715927095 0.510362514439025 -0.47442890166229 0.0605695853186449 0.0746868900201684 0.478279685328741 -0.460215189585206 0.13020536345793 0.0746868900201684 0.478279685328741 -0.503309029685336 0.0664606936211945 0.0755965651029082 0.507678050696901 -0.489093843587269 0.136103693279929 0.0755965651029082 0.507678050696901 -0.476370201571745 0.0609655592807853 0.0101935805928307 0.480255524032701 -0.462156381872613 0.130601864681711 0.0101935805928307 0.480255524032701 -0.505286601250961 0.0668641117371348 0.0111044168722918 0.50969143493112 -0.49107132342718 0.13650756077823 0.0111044168722918 0.50969143493112 480.267890301742 509.71633052640095 494.212575692281 64.5235685581199 64.5235685581199 71.1371453610256 12000 0.665 0.775 11989.818761350298 2.94024344024449
5 4 417 0.0711371453610256 11.5364601329651 0.0645235685581199 0.0645235685581199 0.590487247666118 1.77146174299835 -0.440827839827047 0.18778280331458 0.00957959843266298 0.479157140807964 -0.4546789426751 0.193683063431605 0.010181238649702 0.494212575692281 -0.454565215722531 0.155008745269468 0.00959370762020706 0.480267890301742 -0.426711880458375 0.220395593264845 0.00959370762020706 0.480267890301742 -0.481729327731548 0.16657608594456 0.00989676121661086 0.509716330526401 -0.45387313423573 0.231969643756104 0.00989676121661086 0.509716330526401 -0.455196022660052 0.15527735455938 -0.0549262380687188 0.480951635702063 -0.427342615024806 0.220664372448862 -0.0549262380687188 0.480951635702063 -0.482325293781163 0.166829874792974 -0.0546235715927095 0.510362514439025 -0.454469043055847 0.232223566953114 -0.0546235715927095 0.510362514439025 -0.452730917203054 0.154227669393792 0.0746868900201684 0.478279685328741 -0.424877794146312 0.219614019223553 0.0746868900201684 0.478279685328741 -0.479849427041131 0.165775542610193 0.0755965651029082 0.507678050696901 -0.45199341549983 0.231168673276037 0.0755965651029082 0.507678050696901 -0.454553806855919 0.15500388716647 0.0101935805928307 0.480255524032701 -0.426700472903518 0.22039073208245 0.0101935805928307 0.480255524032701 -0.481706366809807 0.166566308168967 0.0111044168722918 0.50969143493112 -0.45385017552323 0.231959860794226 0.0111044168722918 0.50969143493112 480.267890301742 509.71633052640095 494.212575692281 64.5235685581199 64.5235685581199 71.1371453610256 12000 0.665 0.775 11989.818761350298 2.7388942268991854
5 5 418 0.0854230083797665 11.5975042102189 0.0566935336594349 0.0566935336594349 0.672033363124522 2.01610008937357 -0.503117967800265 -0.215584755229761 0.0124994930044693 0.547361376250595 -0.51695585344024 -0.221514253636734 0.0131869088973602 0.562416143945359 -0.485806032531606 -0.254587171517763 0.0125596716654534 0.548472541833695 -0.519416900176754 -0.176148269807814 0.0125596716654534 0.548472541833695 -0.51294981267383 -0.266222873116796 0.0129046372601584 0.577920520913281 -0.546564055572369 -0.187776094455505 0.0129046372601584 0.577920520913281 -0.486434261817953 -0.254856482569585 -0.0441297662485189 0.549154001877541 -0.520045213756019 -0.176417384142194 -0.0441297662485189 0.549154001877541 -0.513547436224392 -0.266479047986738 -0.0437851878714092 0.578568969327395 -0.547161747701892 -0.188032109280238 -0.0437851878714092 0.578568969327395 -0.483969539066598 -0.253799895972085 0.0698185245830327 0.546480468031362 -0.517580158492915 -0.175361573539431 0.0698185245830327 0.546480468031362 -0.511068491674906 -0.265416431655083 0.0708538746808063 0.575879228115914 -0.544682517175291 -0.186970160343755 0.0708538746808063 0.575879228115914 -0.485793058071559 -0.254581609586116 0.0131595069900995 0.548458468081198 -0.51940392397255 -0.176142711946572 0.0131595069900995 0.548458468081198 -0.512921888137894 -0.266210903091509 0.0141960185275843 0.577890221630146 -0.546536127826381 -0.187764131921634 0.0141960185275843 0.577890221630146 548.472541833695 577.920520913281 562.416143945359 56.6935336594349 56.6935336594349 85.4230083797665 12000 0.665 0.775 11986.81309110264 -2.736763386625344
5 5 419 0.0854230083797665 11.5975042102189 0.0566935336594349 0.0566935336594349 0.672033363124522 2.01610008937357 -0.536186450538663 -0.110038931609202 0.0124994930044693 0.547361376250595 -0.550933860210192 -0.113065470610007 0.0131869088973602 0.562416143945358 -0.527068816153617 -0.151725384112018 0.0125596716654534 0.548472541833695 -0.544224500293661 -0.0681309212151857 0.0125596716654534 0.548472541833695 -0.555997615276434 -0.15766667466398 0.0129046372601584 0.577920520913281 -0.573155022215832 -0.0740638170866733 0.0129046372601584 0.577920520913281 -0.527738360530486 -0.15186290067924 -0.0441297662485189 0.549154001877541 -0.544894087695383 -0.0682682281353004 -0.0441297662485189 0.549154001877541 -0.556634537928368 -0.157797476069285 -0.0437851878714092 0.578568969327395 -0.57379197987189 -0.0741944479274628 -0.0437851878714092 0.578568969327395 -0.525111546388426 -0.151323381502437 0.0698185245830327 0.546480468031362 -0.542267103832429 -0.0677295359571145 0.0698185245830327 0.546480468031362 -0.553992580151181 -0.15725490934409 0.0708538746808063 0.575879228115914 -0.571149876126051 -0.073652592463386 0.0708538746808063 0.575879228115914 -0.527054988435724 -0.151722544056556 0.0131595069900995 0.548458468081198 -0.544210671685514 -0.0681280854976648 0.0131595069900995 0.548458468081198 -0.555967854450575 -0.157660562834727 0.0141960185275843 0.577890221630146 -0.573125259751496 -0.0740577132412255 0.0141960185275843 0.577890221630146 548.472541833695 577.920520913281 562.416143945358 56.6935336594349 56.6935336594349 85.4230083797665 12000 0.665 0.775 11986.81309110264 -2.939178020107569
5 5 420 0.0854230083797665 11.5975042102189 0.0566935336594349 0.0566935336594349 0.672033363124522 2.01610008937357 -0.547361376250595 3.85564720504628e-16 0.0124994930044693 0.547361376250595 -0.562416143945359 3.96169391477679e-16 0.0131869088973602 0.562416143945359 -0.546810333858262 -0.0426683481204822 0.0125596716654534 0.548472541833695 -0.546810333858262 0.0426683481204829 0.0125596716654534 0.548472541833695 -0.57634293167409 -0.0426726329395535 0.0129046372601584 0.577920520913281 -0.57634293167409 0.0426726329395543 0.0129046372601584 0.577920520913281 -0.547493854499799 -0.0426684551287155 -0.0441297662485189 0.549154001877541 -0.547493854499798 0.0426684551287163 -0.0441297662485189 0.549154001877541 -0.57699314661132 -0.0426727199992206 -0.0437851878714092 0.578568969327395 -0.57699314661132 0.0426727199992214 -0.0437851878714092 0.578568969327395 -0.544812207002293 -0.0426680330114641 0.0698185245830327 0.546480468031362 -0.544812207002293 0.0426680330114649 0.0698185245830327 0.546480468031362 -0.574296051986372 -0.0426723569567899 0.0708538746808063 0.575879228115914 -0.574296051986372 0.0426723569567907 0.0708538746808063 0.575879228115914 -0.546796217495691 -0.0426683459063072 0.0131595069900995 0.548458468081198 -0.546796217495691 0.0426683459063079 0.0131595069900995 0.548458468081199 -0.576312549751899 -0.0426726288644536 0.0141960185275843 0.577890221630146 -0.576312549751899 0.0426726288644544 0.0141960185275843 0.577890221630146 548.472541833695 577.920520913281 562.416143945359 56.6935336594349 56.6935336594349 85.4230083797665 12000 0.665 0.775 11986.81309110264 3.1415926535897927
5 5 421 0.0854230083797665 11.5975042102189 0.0566935336594349 0.0566935336594349 0.672033363124522 2.01610008937357 -0.536186450538663 0.110038931609202 0.0124994930044693 0.547361376250595 -0.550933860210192 0.113065470610007 0.0131869088973602 0.562416143945358 -0.544224500293661 0.0681309212151855 0.0125596716654534 0.548472541833695 -0.527068816153617 0.151725384112017 0.0125596716654534 0.548472541833695 -0.573155022215832 0.074063817086673 0.0129046372601584 0.577920520913281 -0.555997615276434 0.15766667466398 0.0129046372601584 0.577920520913281 -0.544894087695383 0.0682682281353002 -0.0441297662485189 0.54915400187754 -0.527738360530486 0.15186290067924 -0.0441297662485189 0.549154001877541 -0.57379197987189 0.0741944479274626 -0.0437851878714092 0.578568969327395 -0.556634537928368 0.157797476069285 -0.0437851878714092 0.578568969327395 -0.542267103832429 0.0677295359571143 0.0698185245830327 0.546480468031362 -0.525111546388426 0.151323381502437 0.0698185245830327 0.546480468031362 -0.571149876126051 0.0736525924633858 0.0708538746808063 0.575879228115914 -0.553992580151181 0.15725490934409 0.0708538746808063 0.575879228115914 -0.544210671685514 0.0681280854976646 0.0131595069900995 0.548458468081198 -0.527054988435724 0.151722544056556 0.0131595069900995 0.548458468081198 -0.573125259751496 0.0740577132412253 0.0141960185275843 0.577890221630146 -0.555967854450575 0.157660562834727 0.0141960185275843 0.577890221630146 548.472541833695 577.920520913281 562.416143945358 56.6935336594349 56.6935336594349 85.4230083797665 12000 0.665 0.775 11986.81309110264 2.939178020107569
