marxs/missions/athena/data/xous.csv
# %ECSV 1.0
# ---
# datatype:
# - {name: 'Petal #', datatype: int64}
# - {name: 'Row #', datatype: int64}
# - {name: 'MM #', datatype: int64}
# - {name: 'stack_width [m]', datatype: float64}
# - {name: 'phi [deg]', datatype: float64}
# - {name: 'lengthp [m]', datatype: float64}
# - {name: 'lengths [m]', datatype: float64}
# - {name: 'anglep [deg]', datatype: float64}
# - {name: 'angles [deg]', datatype: float64}
# - {name: 'x_MM [m]', datatype: float64}
# - {name: 'y_MM [m]', datatype: float64}
# - {name: 'z_MM [m]', datatype: float64}
# - {name: 'r_MM [m]', datatype: float64}
# - {name: 'xkink [m]', datatype: float64}
# - {name: 'ykink [m]', datatype: float64}
# - {name: 'zkink [m]', datatype: float64}
# - {name: 'rkink [m]', datatype: float64}
# - {name: 'xp1 [m]', datatype: float64}
# - {name: 'yp1 [m]', datatype: float64}
# - {name: 'zp1 [m]', datatype: float64}
# - {name: 'rp1 [m]', datatype: float64}
# - {name: 'xp2 [m]', datatype: float64}
# - {name: 'yp2 [m]', datatype: float64}
# - {name: 'zp2 [m]', datatype: float64}
# - {name: 'rp2 [m]', datatype: float64}
# - {name: 'xp3 [m]', datatype: float64}
# - {name: 'yp3 [m]', datatype: float64}
# - {name: 'zp3 [m]', datatype: float64}
# - {name: 'rp3 [m]', datatype: float64}
# - {name: 'xp4 [m]', datatype: float64}
# - {name: 'yp4 [m]', datatype: float64}
# - {name: 'zp4 [m]', datatype: float64}
# - {name: 'rp4 [m]', datatype: float64}
# - {name: 'xp5 [m]', datatype: float64}
# - {name: 'yp5 [m]', datatype: float64}
# - {name: 'zp5 [m]', datatype: float64}
# - {name: 'rp5 [m]', datatype: float64}
# - {name: 'xp6 [m]', datatype: float64}
# - {name: 'yp6 [m]', datatype: float64}
# - {name: 'zp6 [m]', datatype: float64}
# - {name: 'rp6 [m]', datatype: float64}
# - {name: 'xp7 [m]', datatype: float64}
# - {name: 'yp7 [m]', datatype: float64}
# - {name: 'zp7 [m]', datatype: float64}
# - {name: 'rp7 [m]', datatype: float64}
# - {name: 'xp8 [m]', datatype: float64}
# - {name: 'yp8 [m]', datatype: float64}
# - {name: 'zp8 [m]', datatype: float64}
# - {name: 'rp8 [m]', datatype: float64}
# - {name: 'xs1 [m]', datatype: float64}
# - {name: 'ys1 [m]', datatype: float64}
# - {name: 'zs1 [m]', datatype: float64}
# - {name: 'rs1 [m]', datatype: float64}
# - {name: 'xs2 [m]', datatype: float64}
# - {name: 'ys2 [m]', datatype: float64}
# - {name: 'zs2 [m]', datatype: float64}
# - {name: 'rs2 [m]', datatype: float64}
# - {name: 'xs3 [m]', datatype: float64}
# - {name: 'ys3 [m]', datatype: float64}
# - {name: 'zs3 [m]', datatype: float64}
# - {name: 'rs3 [m]', datatype: float64}
# - {name: 'xs4 [m]', datatype: float64}
# - {name: 'ys4 [m]', datatype: float64}
# - {name: 'zs4 [m]', datatype: float64}
# - {name: 'rs4 [m]', datatype: float64}
# - {name: 'xs5 [m]', datatype: float64}
# - {name: 'ys5 [m]', datatype: float64}
# - {name: 'zs5 [m]', datatype: float64}
# - {name: 'rs5 [m]', datatype: float64}
# - {name: 'xs6 [m]', datatype: float64}
# - {name: 'ys6 [m]', datatype: float64}
# - {name: 'zs6 [m]', datatype: float64}
# - {name: 'rs6 [m]', datatype: float64}
# - {name: 'xs7 [m]', datatype: float64}
# - {name: 'ys7 [m]', datatype: float64}
# - {name: 'zs7 [m]', datatype: float64}
# - {name: 'rs7 [m]', datatype: float64}
# - {name: 'xs8 [m]', datatype: float64}
# - {name: 'ys8 [m]', datatype: float64}
# - {name: 'zs8 [m]', datatype: float64}
# - {name: 'rs8 [m]', datatype: float64}
# - {name: inner_radius, unit: mm, datatype: float64}
# - {name: outer_radius, unit: mm, datatype: float64}
# - {name: kink_radius, unit: mm, datatype: float64}
# - {name: primary_length, unit: mm, datatype: float64}
# - {name: secondary_length, unit: mm, datatype: float64}
# - {name: azwidth, unit: mm, datatype: float64}
# - {name: focal_length, unit: mm, datatype: int64}
# - {name: pore_space, unit: mm, datatype: float64}
# - {name: plate_height, unit: mm, datatype: float64}
# - {name: z0, unit: mm, datatype: float64}
# - {name: clocking_angle, unit: rad, datatype: float64}
# schema: astropy-2.0
"Petal #" "Row #" "MM #" "stack_width [m]" "phi [deg]" "lengthp [m]" "lengths [m]" "anglep [deg]" "angles [deg]" "x_MM [m]" "y_MM [m]" "z_MM [m]" "r_MM [m]" "xkink [m]" "ykink [m]" "zkink [m]" "rkink [m]" "xp1 [m]" "yp1 [m]" "zp1 [m]" "rp1 [m]" "xp2 [m]" "yp2 [m]" "zp2 [m]" "rp2 [m]" "xp3 [m]" "yp3 [m]" "zp3 [m]" "rp3 [m]" "xp4 [m]" "yp4 [m]" "zp4 [m]" "rp4 [m]" "xp5 [m]" "yp5 [m]" "zp5 [m]" "rp5 [m]" "xp6 [m]" "yp6 [m]" "zp6 [m]" "rp6 [m]" "xp7 [m]" "yp7 [m]" "zp7 [m]" "rp7 [m]" "xp8 [m]" "yp8 [m]" "zp8 [m]" "rp8 [m]" "xs1 [m]" "ys1 [m]" "zs1 [m]" "rs1 [m]" "xs2 [m]" "ys2 [m]" "zs2 [m]" "rs2 [m]" "xs3 [m]" "ys3 [m]" "zs3 [m]" "rs3 [m]" "xs4 [m]" "ys4 [m]" "zs4 [m]" "rs4 [m]" "xs5 [m]" "ys5 [m]" "zs5 [m]" "rs5 [m]" "xs6 [m]" "ys6 [m]" "zs6 [m]" "rs6 [m]" "xs7 [m]" "ys7 [m]" "zs7 [m]" "rs7 [m]" "xs8 [m]" "ys8 [m]" "zs8 [m]" "rs8 [m]" inner_radius outer_radius kink_radius primary_length secondary_length azwidth focal_length pore_space plate_height z0 clocking_angle
[from data line 1032]
5 7 433 0.0758527782977146 8.34386074587426 0.0456235930469313 0.0456235930469313 0.835072226750402 2.5052166802512 -0.676532414329829 0.0992243821406469 0.0195062256243466 0.683770126321807 -0.691426261131876 0.101408804816232 0.0203653653492868 0.698823311200379 -0.682094736375617 0.0617276395139185 0.0196587437624281 0.684882129180842 -0.671093087362622 0.136739163977944 0.0196587437624281 0.684882129180841 -0.711272945594829 0.0660055126861208 0.0200875037635402 0.714329007418922 -0.700270842454145 0.141020133486902 0.0200875037635402 0.714329007418922 -0.682766808352489 0.0618261709691045 -0.0259598079734905 0.685560347456403 -0.671765148217421 0.136837771265725 -0.0259598079734905 0.685560347456403 -0.711918600374261 0.0661001755618447 -0.0255314353658347 0.714980647827725 -0.700916487813849 0.141114860588287 -0.0255314353658347 0.714980647827725 -0.680114402378505 0.0614373064152587 0.0658390563561311 0.682883696497605 -0.669112786330584 0.136448606116573 0.0658390563561311 0.682883696497605 -0.709241731872007 0.0657077062433456 0.0671256153461562 0.712278974060421 -0.698239658534153 0.140722123842258 0.0671256153461562 0.712278974060421 -0.68207740757915 0.0617250989668197 0.0202584892503215 0.684864641934709 -0.671075758853364 0.136736621472591 0.0202584892503215 0.684864641934709 -0.711230803583405 0.0659993340251645 0.0215462100915723 0.714286474782815 -0.700228701058444 0.141013950627819 0.0215462100915723 0.714286474782815 684.882129180841 714.3290074189221 698.823311200379 45.623593046931305 45.623593046931305 75.8527782977146 12000 0.665 0.775 11979.634634650713 2.995964811246377
5 7 434 0.0758527782977146 8.34386074587426 0.0456235930469313 0.0456235930469313 0.835072226750402 2.5052166802512 -0.654972500826951 0.196348182600783 0.0195062256243466 0.683770126321807 -0.669391706588929 0.200670783690655 0.0203653653492868 0.698823311200379 -0.665917235020879 0.160055512161968 0.0196587437624281 0.684882129180842 -0.644146842071984 0.232676549570372 0.0196587437624281 0.684882129180842 -0.694165814862192 0.168522260597258 0.0200875037635402 0.714329007418922 -0.67239452327181 0.241146295667542 0.0200875037635402 0.714329007418922 -0.666567894851175 0.160250527481869 -0.0259598079734905 0.685560347456403 -0.644797479893589 0.232871638306216 -0.0259598079734905 0.685560347456403 -0.69479089850499 0.168709614790568 -0.0255314353658347 0.714980647827725 -0.673019588274567 0.241333712039753 -0.0255314353658347 0.714980647827725 -0.663999994171286 0.159480878737128 0.0658390563561311 0.682883696497605 -0.642229666454667 0.232101698545618 0.0658390563561311 0.682883696497605 -0.692199317333452 0.167932849590749 0.0671256153461562 0.712278974060421 -0.670428084717801 0.240556687934855 0.0671256153461562 0.712278974060421 -0.665900458317929 0.160050483861589 0.0202584892503215 0.684864641934709 -0.644130065937372 0.232671519374146 0.0202584892503215 0.684864641934709 -0.694125015532354 0.168510031956173 0.0215462100915723 0.714286474782815 -0.672353725160382 0.241134062962117 0.0215462100915723 0.714286474782815 684.882129180842 714.3290074189221 698.823311200379 45.623593046931305 45.623593046931305 75.8527782977146 12000 0.665 0.775 11979.634634650713 2.850336968902961
5 7 435 0.0758527782977146 8.34386074587426 0.0456235930469313 0.0456235930469313 0.835072226750402 2.5052166802512 -0.619546809510258 0.289315289046052 0.0195062256243466 0.683770126321807 -0.633186119426669 0.295684559019333 0.0203653653492868 0.698823311200379 -0.635642255662818 0.254995007180861 0.0196587437624281 0.684882129180841 -0.603563998328183 0.323688169066125 0.0196587437624281 0.684882129180842 -0.662363183260935 0.267471389685967 0.0200875037635402 0.714329007418922 -0.630283601795269 0.336167387097685 0.0200875037635402 0.714329007418922 -0.636257728868026 0.255282377888186 -0.0259598079734905 0.685560347456404 -0.604179439104006 0.323975609218522 -0.0259598079734905 0.685560347456403 -0.662954462736864 0.267747468905737 -0.0255314353658347 0.714980647827725 -0.630874853805454 0.336443525133269 -0.0255314353658347 0.714980647827725 -0.633828695978717 0.254148238428192 0.0658390563561311 0.682883696497605 -0.601750534762593 0.322841194482934 0.0658390563561311 0.682883696497605 -0.660503032708897 0.266602851955705 0.0671256153461562 0.712278974060421 -0.628423538141369 0.335298663281633 0.0671256153461562 0.712278974060421 -0.635626386216443 0.254987597576398 0.0202584892503215 0.684864641934709 -0.603548129719243 0.323680757668355 0.0202584892503215 0.684864641934709 -0.662324590335116 0.26745336994527 0.0215462100915723 0.714286474782815 -0.630245010664755 0.336149363512478 0.0215462100915723 0.714286474782815 684.882129180842 714.3290074189221 698.823311200379 45.623593046931305 45.623593046931305 75.8527782977146 12000 0.665 0.775 11979.634634650713 2.7047091265595475
5 8 436 0.0860565349505214 8.36533846303617 0.0415653036156755 0.0415653036156755 0.916592437811714 2.74977731343514 -0.680985792085759 -0.318939305931394 0.0235936689405944 0.751973357168103 -0.694617084873904 -0.325323514106255 0.0245387681070568 0.767025608066095 -0.662640370472537 -0.357835026492191 0.0237924551725325 0.753085763219999 -0.69912022747339 -0.279944770092608 0.0237924551725325 0.753085763219999 -0.689347956605248 -0.370345417520265 0.0242631115038501 0.782532001616605 -0.7258292795901 -0.292452031013304 0.0242631115038501 0.782532001616605 -0.663254464224288 -0.358122683352635 -0.0177673343125724 0.753762788047499 -0.699734356871912 -0.280232350841566 -0.0177673343125724 0.753762788047499 -0.689940012602789 -0.370622746492627 -0.0172970654734494 0.783184806548285 -0.726421366226927 -0.292729294565952 -0.0172970654734494 0.783184806548285 -0.66082521258186 -0.356984760439233 0.0659101719057482 0.751084602937457 -0.697304963653423 -0.279094730215416 0.0659101719057482 0.751084602937457 -0.687483705433341 -0.36947217030912 0.067322302486104 0.78047647617932 -0.723964931439886 -0.29157899086616 0.067322302486104 0.780476476179319 -0.662622960754191 -0.3578268713432 0.024392148427551 0.753066569417282 -0.699102816743049 -0.279936617104387 0.024392148427551 0.753066569417282 -0.689303186410719 -0.370324446405212 0.0258054410878538 0.782482637763482 -0.725784507075569 -0.292431064851822 0.0258054410878538 0.782482637763482 753.085763219999 782.5320016166049 767.025608066095 41.565303615675504 41.565303615675504 86.0565349505214 12000 0.665 0.775 11975.461231892943 -2.7035845559186833
5 8 437 0.0860565349505214 8.36533846303617 0.0415653036156755 0.0415653036156755 0.916592437811714 2.74977731343514 -0.72014119767718 -0.216473059059887 0.0235936689405944 0.751973357168103 -0.734556264229855 -0.220806200342839 0.0245387681070568 0.767025608066095 -0.707649687468972 -0.257623924723062 0.0237924551725325 0.753085763219999 -0.732409590347611 -0.175255124693951 0.0237924551725325 0.753085763219999 -0.735893187339277 -0.266115671056272 0.0242631115038501 0.782532001616605 -0.760654085222404 -0.183743560944479 0.0242631115038501 0.782532001616605 -0.708299097210442 -0.257819179922697 -0.0177673343125724 0.753762788047499 -0.733059024283545 -0.175450299405832 -0.0177673343125724 0.753762788047499 -0.736519291248668 -0.266303914403516 -0.0172970654734494 0.783184806548285 -0.761280209927538 -0.183931735110499 -0.0172970654734494 0.783184806548285 -0.705730141343194 -0.257046782452987 0.0659101719057482 0.751084602937457 -0.73048997232465 -0.174678221604323 0.0659101719057482 0.751084602937457 -0.733921726855874 -0.265522934448572 0.067322302486104 0.780476476179319 -0.758682558917102 -0.183151043306572 0.067322302486104 0.78047647617932 -0.707631276532823 -0.257618389185323 0.024392148427551 0.753066569417282 -0.732391178724593 -0.175249591441221 0.024392148427551 0.753066569417282 -0.735845842503173 -0.266101436433727 0.0258054410878538 0.782482637763482 -0.760606738811649 -0.183729331560327 0.0258054410878538 0.782482637763482 753.085763219999 782.5320016166049 767.025608066095 41.565303615675504 41.565303615675504 86.0565349505214 12000 0.665 0.775 11975.461231892943 -2.8495872551423864
5 8 438 0.0860565349505214 8.36533846303617 0.0415653036156755 0.0415653036156755 0.916592437811714 2.74977731343514 -0.743972756202482 -0.109400493230836 0.0235936689405944 0.751973357168103 -0.758864859068736 -0.111590362934034 0.0245387681070568 0.767025608066095 -0.737600963594897 -0.151930856867612 0.0237924551725325 0.753085763219999 -0.75011404766658 -0.0668362346179637 0.0237924551725325 0.753085763219999 -0.76677938523897 -0.15622326307768 0.0242631115038501 0.782532001616605 -0.779292972162981 -0.0711252212051247 0.0242631115038501 0.782532001616605 -0.738271870569995 -0.152029555581207 -0.0177673343125724 0.753762788047499 -0.750784966869002 -0.0669348501802309 -0.0177673343125724 0.753762788047499 -0.767426214227707 -0.156318415179417 -0.0172970654734494 0.783184806548285 -0.779939811661407 -0.0712203018362303 -0.0172970654734494 0.783184806548285 -0.735617875156126 -0.151639119360747 0.0659101719057482 0.751084602937457 -0.748130922892631 -0.0665447442067197 0.0659101719057482 0.751084602937457 -0.764742666049093 -0.155923649884851 0.067322302486104 0.780476476179319 -0.777256219708234 -0.0708258342284336 0.067322302486104 0.78047647617932 -0.737581943206298 -0.151928058731543 0.024392148427551 0.753066569417282 -0.750095026930853 -0.0668334388425221 0.024392148427551 0.753066569417282 -0.766730473209593 -0.156216067845436 0.0258054410878538 0.782482637763482 -0.779244059337812 -0.0711180313846259 0.0258054410878538 0.782482637763482 753.085763219999 782.5320016166049 767.025608066095 41.565303615675504 41.565303615675504 86.0565349505214 12000 0.665 0.775 11975.461231892943 -2.99558995436609
5 8 439 0.0860565349505214 8.36533846303617 0.0415653036156755 0.0415653036156755 0.916592437811714 2.74977731343514 -0.751973357168103 -1.38191849500042e-16 0.0235936689405944 0.751973357168103 -0.767025608066095 -1.40958035789628e-16 0.0245387681070568 0.767025608066095 -0.751856867204423 -0.0430048602160135 0.0237924551725325 0.753085763219999 -0.751856867204423 0.0430048602160132 0.0237924551725325 0.753085763219999 -0.781349324506669 -0.0430065884145906 0.0242631115038501 0.782532001616605 -0.781349324506669 0.0430065884145903 0.0242631115038501 0.782532001616605 -0.752534995218543 -0.0430049022387771 -0.0177673343125724 0.753762788047499 -0.752534995218543 0.0430049022387769 -0.0177673343125724 0.753762788047499 -0.782003114734366 -0.0430066245342001 -0.0172970654734494 0.783184806548285 -0.782003114734366 0.0430066245341998 -0.0172970654734494 0.783184806548285 -0.74985243448834 -0.0430047353395832 0.0659101719057482 0.751084602937457 -0.74985243448834 0.0430047353395829 0.0659101719057482 0.751084602937457 -0.779290685851961 -0.04300647409017 0.067322302486104 0.78047647617932 -0.779290685851961 0.0430064740901697 0.067322302486104 0.780476476179319 -0.751837642097232 -0.0430048590230069 0.024392148427551 0.753066569417282 -0.751837642097232 0.0430048590230066 0.024392148427551 0.753066569417282 -0.781299886080549 -0.0430065856796192 0.0258054410878538 0.782482637763482 -0.781299886080549 0.0430065856796189 0.0258054410878538 0.782482637763482 753.085763219999 782.5320016166049 767.025608066095 41.565303615675504 41.565303615675504 86.0565349505214 12000 0.665 0.775 11975.461231892943 -3.141592653589793
5 8 440 0.0860565349505214 8.36533846303617 0.0415653036156755 0.0415653036156755 0.916592437811714 2.74977731343514 -0.743972756202482 0.109400493230836 0.0235936689405944 0.751973357168103 -0.758864859068737 0.111590362934034 0.0245387681070568 0.767025608066095 -0.75011404766658 0.0668362346179634 0.0237924551725325 0.753085763219999 -0.737600963594897 0.151930856867612 0.0237924551725325 0.753085763219999 -0.779292972162981 0.0711252212051244 0.0242631115038501 0.782532001616605 -0.76677938523897 0.15622326307768 0.0242631115038501 0.782532001616605 -0.750784966869002 0.0669348501802306 -0.0177673343125724 0.753762788047499 -0.738271870569995 0.152029555581206 -0.0177673343125724 0.753762788047499 -0.779939811661407 0.07122030183623 -0.0172970654734494 0.783184806548285 -0.767426214227707 0.156318415179417 -0.0172970654734494 0.783184806548285 -0.748130922892631 0.0665447442067194 0.0659101719057482 0.751084602937457 -0.735617875156126 0.151639119360746 0.0659101719057482 0.751084602937457 -0.777256219708234 0.0708258342284333 0.067322302486104 0.78047647617932 -0.764742666049093 0.155923649884851 0.067322302486104 0.780476476179319 -0.750095026930853 0.0668334388425218 0.024392148427551 0.753066569417282 -0.737581943206298 0.151928058731543 0.024392148427551 0.753066569417282 -0.779244059337813 0.0711180313846257 0.0258054410878538 0.782482637763482 -0.766730473209593 0.156216067845435 0.0258054410878538 0.782482637763482 753.085763219999 782.5320016166049 767.025608066095 41.565303615675504 41.565303615675504 86.0565349505214 12000 0.665 0.775 11975.461231892943 2.99558995436609
