marxs/optics/tests/data/ccd_redist_normal.ecsv
# %ECSV 1.0
# ---
# datatype:
# - {name: energy, unit: keV, datatype: float64}
# - {name: FWHM, unit: eV, datatype: float64}
# meta: !!omap
# - comments: [Arcus CCD QE spectral response FWHM, Prepared by Eric Miller (MIT) 2021-02-11, Assumes the response is Gaussian with FWHM
#       vs. energy equal to the maximum, of 70 eV or the Suzaku XIS1 BI ground-based measurement from, 'Matsumoto et al. 2006, Proc. of
#       SPIE Vol. 6266 626641-7,', 'https://doi.org/10.1117/12.671033, given by:', "FWHM = sqrt(A\xD7E**2 + B\xD7E + C),", where E is
#       the energy in keV and, "A = 81.63 \xB1 5.09", "B = 2374.7 \xB1 18.9", "C = 236.2 \xB1 13.3", 'Columns are:', 'Col1:  energy in
#       keV', 'Col2:  FWHM of Gaussian spectral redistribution in eV', '']
# - __serialized_columns__:
#     FWHM:
#       __class__: astropy.units.quantity.Quantity
#       unit: !astropy.units.Unit {unit: eV}
#       value: !astropy.table.SerializedColumn {name: FWHM}
#     energy:
#       __class__: astropy.units.quantity.Quantity
#       unit: !astropy.units.Unit {unit: keV}
#       value: !astropy.table.SerializedColumn {name: energy}
# schema: astropy-2.0
energy FWHM
[from data line 1352]
0.441 70.0
0.4411 70.0
0.4412 70.0
0.4413 70.0
0.4414 70.0
0.4415 70.0
0.4416 70.0
0.4417 70.0
0.4418 70.0
0.4419 70.0
0.442 70.0
0.4421 70.0
0.4422 70.0
0.4423 70.0
0.4424 70.0
0.4425 70.0
0.4426 70.0
0.4427 70.0
0.4428 70.0
0.4429 70.0
0.443 70.0
0.4431 70.0
0.4432 70.0
0.4433 70.0
0.4434 70.0
0.4435 70.0
0.4436 70.0
0.4437 70.0
0.4438 70.0
0.4439 70.0
0.444 70.0
0.4441 70.0
0.4442 70.0
0.4443 70.0
0.4444 70.0
0.4445 70.0
0.4446 70.0
0.4447 70.0
0.4448 70.0
0.4449 70.0
0.445 70.0
0.4451 70.0
0.4452 70.0
0.4453 70.0
0.4454 70.0
0.4455 70.0
0.4456 70.0
0.4457 70.0
0.4458 70.0
0.4459 70.0
0.446 70.0
0.4461 70.0
0.4462 70.0
0.4463 70.0
0.4464 70.0
0.4465 70.0
0.4466 70.0
0.4467 70.0
0.4468 70.0
0.4469 70.0
0.447 70.0
0.4471 70.0
0.4472 70.0
0.4473 70.0
0.4474 70.0
0.4475 70.0
0.4476 70.0
0.4477 70.0
0.4478 70.0
0.4479 70.0
0.448 70.0
0.4481 70.0
0.4482 70.0
0.4483 70.0
0.4484 70.0
0.4485 70.0
0.4486 70.0
0.4487 70.0
0.4488 70.0
0.4489 70.0
0.449 70.0
0.4491 70.0
0.4492 70.0
0.4493 70.0
0.4494 70.0
0.4495 70.0
0.4496 70.0
0.4497 70.0
0.4498 70.0
0.4499 70.0
0.45 70.0
0.4501 70.0
0.4502 70.0
0.4503 70.0
0.4504 70.0
0.4505 70.0
0.4506 70.0
0.4507 70.0
0.4508 70.0
0.4509 70.0
0.451 70.0
0.4511 70.0
0.4512 70.0
0.4513 70.0
0.4514 70.0
0.4515 70.0
0.4516 70.0
0.4517 70.0
0.4518 70.0
0.4519 70.0
0.452 70.0
0.4521 70.0
0.4522 70.0
0.4523 70.0
0.4524 70.0
0.4525 70.0
0.4526 70.0
0.4527 70.0
0.4528 70.0
0.4529 70.0
0.453 70.0
0.4531 70.0
0.4532 70.0
0.4533 70.0
0.4534 70.0
0.4535 70.0
0.4536 70.0
0.4537 70.0
0.4538 70.0
0.4539 70.0
0.454 70.0
0.4541 70.0
0.4542 70.0
0.4543 70.0
0.4544 70.0
0.4545 70.0
0.4546 70.0
0.4547 70.0
0.4548 70.0
0.4549 70.0
0.455 70.0
0.4551 70.0
0.4552 70.0
0.4553 70.0
0.4554 70.0
0.4555 70.0
0.4556 70.0
0.4557 70.0
0.4558 70.0
0.4559 70.0
0.456 70.0
0.4561 70.0
0.4562 70.0
0.4563 70.0
0.4564 70.0
0.4565 70.0
0.4566 70.0
0.4567 70.0
0.4568 70.0
0.4569 70.0
0.457 70.0
0.4571 70.0
0.4572 70.0
0.4573 70.0
0.4574 70.0
0.4575 70.0
0.4576 70.0
0.4577 70.0
0.4578 70.0
0.4579 70.0
0.458 70.0
0.4581 70.0
0.4582 70.0
0.4583 70.0
0.4584 70.0
0.4585 70.0
0.4586 70.0
0.4587 70.0
0.4588 70.0
0.4589 70.0
0.459 70.0
0.4591 70.0
0.4592 70.0
0.4593 70.0
0.4594 70.0
0.4595 70.0
0.4596 70.0
0.4597 70.0
0.4598 70.0
0.4599 70.0
0.46 70.0
0.4601 70.0
0.4602 70.0
0.4603 70.0
0.4604 70.0
0.4605 70.0
0.4606 70.0
0.4607 70.0
0.4608 70.0
0.4609 70.0
0.461 70.0
0.4611 70.0
0.4612 70.0
0.4613 70.0
0.4614 70.0
0.4615 70.0
0.4616 70.0
0.4617 70.0
0.4618 70.0
0.4619 70.0
0.462 70.0
0.4621 70.0
0.4622 70.0
0.4623 70.0
0.4624 70.0
0.4625 70.0
0.4626 70.0
0.4627 70.0
0.4628 70.0
0.4629 70.0
0.463 70.0
0.4631 70.0
0.4632 70.0
0.4633 70.0
0.4634 70.0
0.4635 70.0
0.4636 70.0
0.4637 70.0
0.4638 70.0
0.4639 70.0
0.464 70.0
0.4641 70.0
0.4642 70.0
0.4643 70.0
0.4644 70.0
0.4645 70.0
0.4646 70.0
0.4647 70.0
0.4648 70.0
0.4649 70.0
0.465 70.0
0.4651 70.0
0.4652 70.0
0.4653 70.0
0.4654 70.0
0.4655 70.0
0.4656 70.0
0.4657 70.0
0.4658 70.0
0.4659 70.0
0.466 70.0
0.4661 70.0
0.4662 70.0
0.4663 70.0
0.4664 70.0
0.4665 70.0
0.4666 70.0
0.4667 70.0
0.4668 70.0
0.4669 70.0
0.467 70.0
0.4671 70.0
0.4672 70.0
0.4673 70.0
0.4674 70.0
0.4675 70.0
0.4676 70.0
0.4677 70.0
0.4678 70.0
0.4679 70.0
0.468 70.0
0.4681 70.0
0.4682 70.0
0.4683 70.0
0.4684 70.0
0.4685 70.0
0.4686 70.0
0.4687 70.0
0.4688 70.0
0.4689 70.0
0.469 70.0
0.4691 70.0
0.4692 70.0
0.4693 70.0
0.4694 70.0
0.4695 70.0
0.4696 70.0
0.4697 70.0
0.4698 70.0
0.4699 70.0
0.47 70.0
0.4701 70.0
0.4702 70.0
0.4703 70.0
0.4704 70.0
0.4705 70.0
0.4706 70.0
0.4707 70.0
0.4708 70.0
0.4709 70.0
0.471 70.0
0.4711 70.0
0.4712 70.0
0.4713 70.0
0.4714 70.0
0.4715 70.0
0.4716 70.0
0.4717 70.0
0.4718 70.0
0.4719 70.0
0.472 70.0
0.4721 70.0
0.4722 70.0
0.4723 70.0
0.4724 70.0
0.4725 70.0
0.4726 70.0
0.4727 70.0
0.4728 70.0
0.4729 70.0
0.473 70.0
0.4731 70.0
0.4732 70.0
0.4733 70.0
0.4734 70.0
0.4735 70.0
0.4736 70.0
0.4737 70.0
0.4738 70.0
0.4739 70.0
0.474 70.0
0.4741 70.0
0.4742 70.0
0.4743 70.0
0.4744 70.0
0.4745 70.0
0.4746 70.0
0.4747 70.0
0.4748 70.0
0.4749 70.0
0.475 70.0
0.4751 70.0
0.4752 70.0
0.4753 70.0
0.4754 70.0
0.4755 70.0
0.4756 70.0
0.4757 70.0
0.4758 70.0
0.4759 70.0
0.476 70.0
0.4761 70.0
0.4762 70.0
0.4763 70.0
0.4764 70.0
0.4765 70.0
0.4766 70.0
0.4767 70.0
0.4768 70.0
0.4769 70.0
0.477 70.0
0.4771 70.0
0.4772 70.0
0.4773 70.0
0.4774 70.0
0.4775 70.0
0.4776 70.0
0.4777 70.0
0.4778 70.0
0.4779 70.0
0.478 70.0
0.4781 70.0
0.4782 70.0
0.4783 70.0
0.4784 70.0
0.4785 70.0
0.4786 70.0
0.4787 70.0
0.4788 70.0
0.4789 70.0
0.479 70.0
0.4791 70.0
0.4792 70.0
0.4793 70.0
0.4794 70.0
0.4795 70.0
0.4796 70.0
0.4797 70.0
0.4798 70.0
0.4799 70.0
0.48 70.0
0.4801 70.0
0.4802 70.0
0.4803 70.0
0.4804 70.0
0.4805 70.0
0.4806 70.0
0.4807 70.0
0.4808 70.0
0.4809 70.0
0.481 70.0
0.4811 70.0
0.4812 70.0
0.4813 70.0
0.4814 70.0
0.4815 70.0
0.4816 70.0
0.4817 70.0
0.4818 70.0
0.4819 70.0
0.482 70.0
0.4821 70.0
0.4822 70.0
0.4823 70.0
0.4824 70.0
0.4825 70.0
0.4826 70.0
0.4827 70.0
0.4828 70.0
0.4829 70.0
0.483 70.0
0.4831 70.0
0.4832 70.0
0.4833 70.0
0.4834 70.0
0.4835 70.0
0.4836 70.0
0.4837 70.0
0.4838 70.0
0.4839 70.0
0.484 70.0
0.4841 70.0
0.4842 70.0
0.4843 70.0
0.4844 70.0
0.4845 70.0
0.4846 70.0
0.4847 70.0
0.4848 70.0
0.4849 70.0
0.485 70.0
0.4851 70.0
0.4852 70.0
0.4853 70.0
0.4854 70.0
0.4855 70.0
0.4856 70.0
0.4857 70.0
0.4858 70.0
0.4859 70.0
0.486 70.0
0.4861 70.0
0.4862 70.0
0.4863 70.0
0.4864 70.0
0.4865 70.0
0.4866 70.0
0.4867 70.0
0.4868 70.0
0.4869 70.0
0.487 70.0
0.4871 70.0
0.4872 70.0
0.4873 70.0
0.4874 70.0
0.4875 70.0
0.4876 70.0
0.4877 70.0
0.4878 70.0
0.4879 70.0
0.488 70.0
0.4881 70.0
0.4882 70.0
0.4883 70.0
0.4884 70.0
0.4885 70.0
0.4886 70.0
0.4887 70.0
0.4888 70.0
0.4889 70.0
0.489 70.0
0.4891 70.0
0.4892 70.0
0.4893 70.0
0.4894 70.0
0.4895 70.0
0.4896 70.0
0.4897 70.0
0.4898 70.0
0.4899 70.0
0.49 70.0
0.4901 70.0
0.4902 70.0
0.4903 70.0
0.4904 70.0
0.4905 70.0
0.4906 70.0
0.4907 70.0
0.4908 70.0
0.4909 70.0
0.491 70.0
0.4911 70.0
0.4912 70.0
0.4913 70.0
0.4914 70.0
0.4915 70.0
0.4916 70.0
0.4917 70.0
0.4918 70.0
0.4919 70.0
0.492 70.0
0.4921 70.0
0.4922 70.0
0.4923 70.0
0.4924 70.0
0.4925 70.0
0.4926 70.0
0.4927 70.0
0.4928 70.0
0.4929 70.0
0.493 70.0
0.4931 70.0
0.4932 70.0
0.4933 70.0
0.4934 70.0
0.4935 70.0
0.4936 70.0
0.4937 70.0
0.4938 70.0
0.4939 70.0
0.494 70.0
0.4941 70.0
0.4942 70.0
0.4943 70.0
0.4944 70.0
0.4945 70.0
0.4946 70.0
0.4947 70.0
0.4948 70.0
0.4949 70.0
0.495 70.0
0.4951 70.0
0.4952 70.0
0.4953 70.0
0.4954 70.0
0.4955 70.0
0.4956 70.0
0.4957 70.0
0.4958 70.0
0.4959 70.0
0.496 70.0
0.4961 70.0
0.4962 70.0
0.4963 70.0
0.4964 70.0
0.4965 70.0
0.4966 70.0
0.4967 70.0
0.4968 70.0
0.4969 70.0
0.497 70.0
0.4971 70.0
0.4972 70.0
0.4973 70.0
0.4974 70.0
0.4975 70.0
0.4976 70.0
0.4977 70.0
0.4978 70.0
0.4979 70.0
0.498 70.0
0.4981 70.0
0.4982 70.0
0.4983 70.0
0.4984 70.0
0.4985 70.0
0.4986 70.0
0.4987 70.0
0.4988 70.0
0.4989 70.0
0.499 70.0
0.4991 70.0
0.4992 70.0
0.4993 70.0
0.4994 70.0
0.4995 70.0
0.4996 70.0
0.4997 70.0
0.4998 70.0
0.4999 70.0
0.5 70.0
0.5001 70.0
0.5002 70.0
0.5003 70.0
0.5004 70.0
0.5005 70.0
0.5006 70.0
0.5007 70.0
0.5008 70.0
0.5009 70.0
0.501 70.0
0.5011 70.0
0.5012 70.0
0.5013 70.0
0.5014 70.0
0.5015 70.0
0.5016 70.0
0.5017 70.0
0.5018 70.0
0.5019 70.0
0.502 70.0
0.5021 70.0
0.5022 70.0
0.5023 70.0
0.5024 70.0
0.5025 70.0
0.5026 70.0
0.5027 70.0
0.5028 70.0
0.5029 70.0
0.503 70.0
0.5031 70.0
0.5032 70.0
0.5033 70.0
0.5034 70.0
0.5035 70.0
0.5036 70.0
0.5037 70.0
0.5038 70.0
0.5039 70.0
0.504 70.0
0.5041 70.0
0.5042 70.0
0.5043 70.0
0.5044 70.0
0.5045 70.0
0.5046 70.0
0.5047 70.0
0.5048 70.0
0.5049 70.0
0.505 70.0
0.5051 70.0
0.5052 70.0
0.5053 70.0
0.5054 70.0
0.5055 70.0
0.5056 70.0
0.5057 70.0
0.5058 70.0
0.5059 70.0
0.506 70.0
0.5061 70.0
0.5062 70.0
0.5063 70.0
0.5064 70.0
0.5065 70.0
0.5066 70.0
0.5067 70.0
0.5068 70.0
0.5069 70.0
0.507 70.0
0.5071 70.0
0.5072 70.0
0.5073 70.0
0.5074 70.0
0.5075 70.0
0.5076 70.0
0.5077 70.0
0.5078 70.0
0.5079 70.0
0.508 70.0
0.5081 70.0
0.5082 70.0
0.5083 70.0
0.5084 70.0
0.5085 70.0
0.5086 70.0
0.5087 70.0
0.5088 70.0
0.5089 70.0
0.509 70.0
0.5091 70.0
0.5092 70.0
0.5093 70.0
0.5094 70.0
0.5095 70.0
0.5096 70.0
0.5097 70.0
0.5098 70.0
0.5099 70.0
0.51 70.0
0.5101 70.0
0.5102 70.0
0.5103 70.0
0.5104 70.0
0.5105 70.0
0.5106 70.0
0.5107 70.0
0.5108 70.0
0.5109 70.0
0.511 70.0
0.5111 70.0
0.5112 70.0
0.5113 70.0
0.5114 70.0
0.5115 70.0
0.5116 70.0
0.5117 70.0
0.5118 70.0
0.5119 70.0
0.512 70.0
0.5121 70.0
0.5122 70.0
0.5123 70.0
0.5124 70.0
0.5125 70.0
0.5126 70.0
0.5127 70.0
0.5128 70.0
0.5129 70.0
0.513 70.0
0.5131 70.0
0.5132 70.0
0.5133 70.0
0.5134 70.0
0.5135 70.0
0.5136 70.0
0.5137 70.0
0.5138 70.0
0.5139 70.0
0.514 70.0
0.5141 70.0
0.5142 70.0
0.5143 70.0
0.5144 70.0
0.5145 70.0
0.5146 70.0
0.5147 70.0
0.5148 70.0
0.5149 70.0
0.515 70.0
0.5151 70.0
0.5152 70.0
0.5153 70.0
0.5154 70.0
0.5155 70.0
0.5156 70.0
0.5157 70.0
0.5158 70.0
0.5159 70.0
0.516 70.0
0.5161 70.0
0.5162 70.0
0.5163 70.0
0.5164 70.0
0.5165 70.0
0.5166 70.0
0.5167 70.0
0.5168 70.0
0.5169 70.0
0.517 70.0
0.5171 70.0
0.5172 70.0
0.5173 70.0
0.5174 70.0
0.5175 70.0
0.5176 70.0
0.5177 70.0
0.5178 70.0
0.5179 70.0
0.518 70.0
0.5181 70.0
0.5182 70.0
0.5183 70.0
0.5184 70.0
0.5185 70.0
0.5186 70.0
0.5187 70.0
0.5188 70.0
0.5189 70.0
0.519 70.0
0.5191 70.0
0.5192 70.0
0.5193 70.0
0.5194 70.0
0.5195 70.0
0.5196 70.0
0.5197 70.0
0.5198 70.0
0.5199 70.0
0.52 70.0
0.5201 70.0
0.5202 70.0
0.5203 70.0
0.5204 70.0
0.5205 70.0
0.5206 70.0
0.5207 70.0
0.5208 70.0
0.5209 70.0
0.521 70.0
0.5211 70.0
0.5212 70.0
0.5213 70.0
0.5214 70.0
0.5215 70.0
0.5216 70.0
0.5217 70.0
0.5218 70.0
0.5219 70.0
0.522 70.0
0.5221 70.0
0.5222 70.0
0.5223 70.0
0.5224 70.0
0.5225 70.0
0.5226 70.0
0.5227 70.0
0.5228 70.0
0.5229 70.0
0.523 70.0
0.5231 70.0
0.5232 70.0
0.5233 70.0
0.5234 70.0
0.5235 70.0
0.5236 70.0
0.5237 70.0
0.5238 70.0
0.5239 70.0
0.524 70.0
0.5241 70.0
0.5242 70.0
0.5243 70.0
0.5244 70.0
0.5245 70.0
0.5246 70.0
0.5247 70.0
0.5248 70.0
0.5249 70.0
0.525 70.0
0.5251 70.0
0.5252 70.0
0.5253 70.0
0.5254 70.0
0.5255 70.0
0.5256 70.0
0.5257 70.0
0.5258 70.0
0.5259 70.0
0.526 70.0
0.5261 70.0
0.5262 70.0
0.5263 70.0
0.5264 70.0
0.5265 70.0
0.5266 70.0
0.5267 70.0
0.5268 70.0
0.5269 70.0
0.527 70.0
0.5271 70.0
0.5272 70.0
0.5273 70.0
0.5274 70.0
0.5275 70.0
0.5276 70.0
0.5277 70.0
0.5278 70.0
0.5279 70.0
0.528 70.0
0.5281 70.0
0.5282 70.0
0.5283 70.0
0.5284 70.0
0.5285 70.0
0.5286 70.0
0.5287 70.0
0.5288 70.0
0.5289 70.0
0.529 70.0
0.5291 70.0
0.5292 70.0
0.5293 70.0
0.5294 70.0
0.5295 70.0
0.5296 70.0
0.5297 70.0
0.5298 70.0
0.5299 70.0
0.53 70.0
0.5301 70.0
0.5302 70.0
0.5303 70.0
0.5304 70.0
0.5305 70.0
0.5306 70.0
0.5307 70.0
0.5308 70.0
0.5309 70.0
0.531 70.0
0.5311 70.0
0.5312 70.0
0.5313 70.0
0.5314 70.0
0.5315 70.0
0.5316 70.0
0.5317 70.0
0.5318 70.0
0.5319 70.0
0.532 70.0
0.5321 70.0
0.5322 70.0
0.5323 70.0
0.5324 70.0
0.5325 70.0
0.5326 70.0
0.5327 70.0
0.5328 70.0
0.5329 70.0
0.533 70.0
0.5331 70.0
0.5332 70.0
0.5333 70.0
0.5334 70.0
0.5335 70.0
0.5336 70.0
0.5337 70.0
0.5338 70.0
0.5339 70.0
0.534 70.0
0.5341 70.0
0.5342 70.0
0.5343 70.0
0.5344 70.0
0.5345 70.0
0.5346 70.0
0.5347 70.0
0.5348 70.0
0.5349 70.0
0.535 70.0
0.5351 70.0
0.5352 70.0
0.5353 70.0
0.5354 70.0
0.5355 70.0
0.5356 70.0
0.5357 70.0
0.5358 70.0
0.5359 70.0
0.536 70.0
0.5361 70.0
0.5362 70.0
0.5363 70.0
0.5364 70.0
0.5365 70.0
0.5366 70.0
0.5367 70.0
0.5368 70.0
0.5369 70.0
0.537 70.0
0.5371 70.0
0.5372 70.0
0.5373 70.0
0.5374 70.0
0.5375 70.0
0.5376 70.0
0.5377 70.0
0.5378 70.0
0.5379 70.0
0.538 70.0
0.5381 70.0
0.5382 70.0
0.5383 70.0
0.5384 70.0
0.5385 70.0
0.5386 70.0
0.5387 70.0
0.5388 70.0
0.5389 70.0
0.539 70.0
0.5391 70.0
0.5392 70.0
0.5393 70.0
0.5394 70.0
0.5395 70.0
0.5396 70.0
0.5397 70.0
0.5398 70.0
0.5399 70.0
0.54 70.0
0.5401 70.0
0.5402 70.0
0.5403 70.0
0.5404 70.0
0.5405 70.0
0.5406 70.0
0.5407 70.0
0.5408 70.0
0.5409 70.0
0.541 70.0
0.5411 70.0
0.5412 70.0
0.5413 70.0
0.5414 70.0
0.5415 70.0
0.5416 70.0
0.5417 70.0
0.5418 70.0
0.5419 70.0
0.542 70.0
0.5421 70.0
0.5422 70.0
0.5423 70.0
0.5424 70.0
0.5425 70.0
0.5426 70.0
0.5427 70.0
0.5428 70.0
0.5429 70.0
0.543 70.0
0.5431 70.0
0.5432 70.0
0.5433 70.0
0.5434 70.0
0.5435 70.0
0.5436 70.0
0.5437 70.0
0.5438 70.0
0.5439 70.0
0.544 70.0
0.5441 70.0
0.5442 70.0
0.5443 70.0
0.5444 70.0
0.5445 70.0
0.5446 70.0
0.5447 70.0
0.5448 70.0
0.5449 70.0
0.545 70.0
0.5451 70.0
0.5452 70.0
0.5453 70.0
0.5454 70.0
0.5455 70.0
0.5456 70.0
0.5457 70.0
0.5458 70.0
0.5459 70.0
0.546 70.0
0.5461 70.0
0.5462 70.0
0.5463 70.0
0.5464 70.0
0.5465 70.0
0.5466 70.0
0.5467 70.0
0.5468 70.0
0.5469 70.0
0.547 70.0
0.5471 70.0
0.5472 70.0
0.5473 70.0
0.5474 70.0
0.5475 70.0
0.5476 70.0
0.5477 70.0
0.5478 70.0
0.5479 70.0
0.548 70.0
0.5481 70.0
0.5482 70.0
0.5483 70.0
0.5484 70.0
0.5485 70.0
0.5486 70.0
0.5487 70.0
0.5488 70.0
0.5489 70.0
0.549 70.0
0.5491 70.0
0.5492 70.0
0.5493 70.0
0.5494 70.0
0.5495 70.0
0.5496 70.0
0.5497 70.0
0.5498 70.0
0.5499 70.0
0.55 70.0
0.5501 70.0
0.5502 70.0
0.5503 70.0
0.5504 70.0
0.5505 70.0
0.5506 70.0
0.5507 70.0
0.5508 70.0
0.5509 70.0
0.551 70.0
0.5511 70.0
0.5512 70.0
0.5513 70.0
0.5514 70.0
0.5515 70.0
0.5516 70.0
0.5517 70.0
0.5518 70.0
0.5519 70.0
0.552 70.0
0.5521 70.0
0.5522 70.0
0.5523 70.0
0.5524 70.0
0.5525 70.0
0.5526 70.0
0.5527 70.0
0.5528 70.0
0.5529 70.0
0.553 70.0
0.5531 70.0
0.5532 70.0
0.5533 70.0
0.5534 70.0
0.5535 70.0
0.5536 70.0
0.5537 70.0
0.5538 70.0
0.5539 70.0
0.554 70.0
0.5541 70.0
0.5542 70.0
0.5543 70.0
0.5544 70.0
0.5545 70.0
0.5546 70.0
0.5547 70.0
0.5548 70.0
0.5549 70.0
0.555 70.0
0.5551 70.0
0.5552 70.0
0.5553 70.0
0.5554 70.0
0.5555 70.0
0.5556 70.0
0.5557 70.0
0.5558 70.0
0.5559 70.0
0.556 70.0
0.5561 70.0
0.5562 70.0
0.5563 70.0
0.5564 70.0
0.5565 70.0
0.5566 70.0
0.5567 70.0
0.5568 70.0
0.5569 70.0
0.557 70.0
0.5571 70.0
0.5572 70.0
0.5573 70.0
0.5574 70.0
0.5575 70.0
0.5576 70.0
0.5577 70.0
0.5578 70.0
0.5579 70.0
0.558 70.0
0.5581 70.0
0.5582 70.0
0.5583 70.0
0.5584 70.0
0.5585 70.0
0.5586 70.0
0.5587 70.0
0.5588 70.0
0.5589 70.0
0.559 70.0
0.5591 70.0
0.5592 70.0
0.5593 70.0
0.5594 70.0
0.5595 70.0
0.5596 70.0
0.5597 70.0
0.5598 70.0
0.5599 70.0
0.56 70.0
0.5601 70.0
0.5602 70.0
0.5603 70.0
0.5604 70.0
0.5605 70.0
0.5606 70.0
0.5607 70.0
0.5608 70.0
0.5609 70.0
0.561 70.0
0.5611 70.0
0.5612 70.0
0.5613 70.0
0.5614 70.0
0.5615 70.0
0.5616 70.0
0.5617 70.0
0.5618 70.0
0.5619 70.0
0.562 70.0
0.5621 70.0
0.5622 70.0
0.5623 70.0
0.5624 70.0
0.5625 70.0
0.5626 70.0
0.5627 70.0
0.5628 70.0
0.5629 70.0
0.563 70.0
0.5631 70.0
0.5632 70.0
0.5633 70.0
0.5634 70.0
0.5635 70.0
0.5636 70.0
0.5637 70.0
0.5638 70.0
0.5639 70.0
0.564 70.0
0.5641 70.0
0.5642 70.0
0.5643 70.0
0.5644 70.0
0.5645 70.0
0.5646 70.0
0.5647 70.0
0.5648 70.0
0.5649 70.0
0.565 70.0
0.5651 70.0
0.5652 70.0
0.5653 70.0
0.5654 70.0
0.5655 70.0
0.5656 70.0
0.5657 70.0
0.5658 70.0
0.5659 70.0
0.566 70.0
0.5661 70.0
0.5662 70.0
0.5663 70.0
0.5664 70.0
0.5665 70.0
0.5666 70.0
0.5667 70.0
0.5668 70.0
0.5669 70.0
0.567 70.0
0.5671 70.0
0.5672 70.0
0.5673 70.0
0.5674 70.0
0.5675 70.0
0.5676 70.0
0.5677 70.0
0.5678 70.0
0.5679 70.0
0.568 70.0
0.5681 70.0
0.5682 70.0
0.5683 70.0
0.5684 70.0
0.5685 70.0
0.5686 70.0
0.5687 70.0
0.5688 70.0
0.5689 70.0
0.569 70.0
0.5691 70.0
0.5692 70.0
0.5693 70.0
0.5694 70.0
0.5695 70.0
0.5696 70.0
0.5697 70.0
0.5698 70.0
0.5699 70.0
0.57 70.0
0.5701 70.0
0.5702 70.0
0.5703 70.0
0.5704 70.0
0.5705 70.0
0.5706 70.0
0.5707 70.0
0.5708 70.0
0.5709 70.0
0.571 70.0
0.5711 70.0
0.5712 70.0
0.5713 70.0
0.5714 70.0
0.5715 70.0
0.5716 70.0
0.5717 70.0
0.5718 70.0
0.5719 70.0
0.572 70.0
0.5721 70.0
0.5722 70.0
0.5723 70.0
0.5724 70.0
0.5725 70.0
0.5726 70.0
0.5727 70.0
0.5728 70.0
0.5729 70.0
0.573 70.0
0.5731 70.0
0.5732 70.0
0.5733 70.0
0.5734 70.0
0.5735 70.0
0.5736 70.0
0.5737 70.0
0.5738 70.0
0.5739 70.0
0.574 70.0
0.5741 70.0
0.5742 70.0
0.5743 70.0
0.5744 70.0
0.5745 70.0
0.5746 70.0
0.5747 70.0
0.5748 70.0
0.5749 70.0
0.575 70.0
0.5751 70.0
0.5752 70.0
0.5753 70.0
