marxs/optics/tests/data/ccd_redist_normal.ecsv
# %ECSV 1.0
# ---
# datatype:
# - {name: energy, unit: keV, datatype: float64}
# - {name: FWHM, unit: eV, datatype: float64}
# meta: !!omap
# - comments: [Arcus CCD QE spectral response FWHM, Prepared by Eric Miller (MIT) 2021-02-11, Assumes the response is Gaussian with FWHM
#       vs. energy equal to the maximum, of 70 eV or the Suzaku XIS1 BI ground-based measurement from, 'Matsumoto et al. 2006, Proc. of
#       SPIE Vol. 6266 626641-7,', 'https://doi.org/10.1117/12.671033, given by:', "FWHM = sqrt(A\xD7E**2 + B\xD7E + C),", where E is
#       the energy in keV and, "A = 81.63 \xB1 5.09", "B = 2374.7 \xB1 18.9", "C = 236.2 \xB1 13.3", 'Columns are:', 'Col1:  energy in
#       keV', 'Col2:  FWHM of Gaussian spectral redistribution in eV', '']
# - __serialized_columns__:
#     FWHM:
#       __class__: astropy.units.quantity.Quantity
#       unit: !astropy.units.Unit {unit: eV}
#       value: !astropy.table.SerializedColumn {name: FWHM}
#     energy:
#       __class__: astropy.units.quantity.Quantity
#       unit: !astropy.units.Unit {unit: keV}
#       value: !astropy.table.SerializedColumn {name: energy}
# schema: astropy-2.0
energy FWHM
[from data line 5721]
14.495 187.997356
14.5 188.01964
14.505 188.041914
14.51 188.06418
14.515 188.086436
14.52 188.108683
14.525 188.130921
14.53 188.15315
14.535 188.17537
14.54 188.197581
14.545 188.219783
14.55 188.241976
14.555 188.264159
14.56 188.286334
14.565 188.308499
14.57 188.330655
14.575 188.352803
14.58 188.374941
14.585 188.39707
14.59 188.41919
14.595 188.441301
14.6 188.463403
14.605 188.485496
14.61 188.50758
14.615 188.529655
14.62 188.551721
14.625 188.573778
14.63 188.595826
14.635 188.617864
14.64 188.639894
14.645 188.661915
14.65 188.683927
14.655 188.705929
14.66 188.727923
14.665 188.749908
14.67 188.771883
14.675 188.79385
14.68 188.815808
14.685 188.837756
14.69 188.859696
14.695 188.881627
14.7 188.903548
14.705 188.925461
14.71 188.947365
14.715 188.96926
14.72 188.991145
14.725 189.013022
14.73 189.03489
14.735 189.056749
14.74 189.078599
14.745 189.10044
14.75 189.122272
14.755 189.144095
14.76 189.165909
14.765 189.187714
14.77 189.209511
14.775 189.231298
14.78 189.253076
14.785 189.274846
14.79 189.296606
14.795 189.318358
14.8 189.3401
14.805 189.361834
14.81 189.383559
14.815 189.405275
14.82 189.426982
14.825 189.44868
14.83 189.470369
14.835 189.492049
14.84 189.513721
14.845 189.535383
14.85 189.557037
14.855 189.578681
14.86 189.600317
14.865 189.621944
14.87 189.643562
14.875 189.665171
14.88 189.686772
14.885 189.708363
14.89 189.729945
14.895 189.751519
14.9 189.773084
14.905 189.79464
14.91 189.816187
14.915 189.837725
14.92 189.859255
14.925 189.880775
14.93 189.902287
14.935 189.92379
14.94 189.945284
14.945 189.966769
14.95 189.988245
14.955 190.009713
14.96 190.031172
14.965 190.052621
14.97 190.074062
14.975 190.095495
14.98 190.116918
14.985 190.138333
14.99 190.159738
14.995 190.181135
