marxs/optics/tests/data/ccd_redist_normal.ecsv
# %ECSV 1.0
# ---
# datatype:
# - {name: energy, unit: keV, datatype: float64}
# - {name: FWHM, unit: eV, datatype: float64}
# meta: !!omap
# - comments: [Arcus CCD QE spectral response FWHM, Prepared by Eric Miller (MIT) 2021-02-11, Assumes the response is Gaussian with FWHM
#       vs. energy equal to the maximum, of 70 eV or the Suzaku XIS1 BI ground-based measurement from, 'Matsumoto et al. 2006, Proc. of
#       SPIE Vol. 6266 626641-7,', 'https://doi.org/10.1117/12.671033, given by:', "FWHM = sqrt(A\xD7E**2 + B\xD7E + C),", where E is
#       the energy in keV and, "A = 81.63 \xB1 5.09", "B = 2374.7 \xB1 18.9", "C = 236.2 \xB1 13.3", 'Columns are:', 'Col1:  energy in
#       keV', 'Col2:  FWHM of Gaussian spectral redistribution in eV', '']
# - __serialized_columns__:
#     FWHM:
#       __class__: astropy.units.quantity.Quantity
#       unit: !astropy.units.Unit {unit: eV}
#       value: !astropy.table.SerializedColumn {name: FWHM}
#     energy:
#       __class__: astropy.units.quantity.Quantity
#       unit: !astropy.units.Unit {unit: keV}
#       value: !astropy.table.SerializedColumn {name: energy}
# schema: astropy-2.0
energy FWHM
[from data line 3819]
4.985 122.486683
4.99 122.539766
4.995 122.592815
5.0 122.645832
5.005 122.698815
5.01 122.751766
5.015 122.804685
5.02 122.85757
5.025 122.910423
5.03 122.963243
5.035 123.016031
5.04 123.068786
5.045 123.121509
5.05 123.174199
5.055 123.226857
5.06 123.279483
5.065 123.332076
5.07 123.384637
5.075 123.437165
5.08 123.489662
5.085 123.542126
5.09 123.594558
5.095 123.646958
5.1 123.699327
5.105 123.751663
5.11 123.803967
5.115 123.856239
5.12 123.90848
5.125 123.960688
5.13 124.012865
5.135 124.06501
5.14 124.117123
5.145 124.169205
5.15 124.221255
5.155 124.273273
5.16 124.32526
5.165 124.377215
5.17 124.429139
5.175 124.481032
5.18 124.532893
5.185 124.584723
5.19 124.636521
5.195 124.688288
5.2 124.740024
5.205 124.791729
5.21 124.843402
5.215 124.895045
5.22 124.946656
5.225 124.998236
5.23 125.049786
5.235 125.101304
5.24 125.152791
5.245 125.204248
5.25 125.255674
5.255 125.307068
5.26 125.358432
5.265 125.409766
5.27 125.461068
5.275 125.51234
5.28 125.563582
5.285 125.614792
5.29 125.665973
5.295 125.717122
5.3 125.768242
5.305 125.81933
5.31 125.870389
5.315 125.921417
5.32 125.972415
5.325 126.023382
5.33 126.074319
5.335 126.125226
5.34 126.176103
5.345 126.226949
5.35 126.277766
5.355 126.328552
5.36 126.379309
5.365 126.430035
5.37 126.480732
5.375 126.531398
5.38 126.582035
5.385 126.632641
5.39 126.683218
5.395 126.733766
5.4 126.784283
5.405 126.834771
5.41 126.885229
5.415 126.935657
5.42 126.986056
5.425 127.036425
5.43 127.086765
5.435 127.137075
5.44 127.187356
5.445 127.237607
5.45 127.287829
5.455 127.338021
5.46 127.388184
5.465 127.438318
5.47 127.488423
5.475 127.538498
5.48 127.588545
5.485 127.638562
5.49 127.68855
5.495 127.738509
5.5 127.788438
5.505 127.838339
5.51 127.888211
5.515 127.938054
5.52 127.987868
5.525 128.037653
5.53 128.087409
5.535 128.137137
5.54 128.186835
5.545 128.236505
5.55 128.286146
5.555 128.335759
5.56 128.385343
5.565 128.434898
5.57 128.484425
5.575 128.533923
5.58 128.583392
5.585 128.632833
5.59 128.682246
5.595 128.73163
5.6 128.780986
5.605 128.830314
5.61 128.879613
5.615 128.928884
5.62 128.978126
5.625 129.027341
5.63 129.076527
5.635 129.125685
5.64 129.174815
5.645 129.223917
5.65 129.272991
5.655 129.322037
5.66 129.371054
5.665 129.420044
5.67 129.469006
5.675 129.51794
5.68 129.566846
5.685 129.615724
5.69 129.664575
5.695 129.713398
5.7 129.762192
5.705 129.81096
5.71 129.859699
5.715 129.908411
5.72 129.957095
5.725 130.005752
5.73 130.054381
5.735 130.102983
5.74 130.151557
5.745 130.200104
5.75 130.248623
5.755 130.297115
5.76 130.345579
5.765 130.394016
5.77 130.442426
5.775 130.490808
5.78 130.539164
5.785 130.587492
5.79 130.635793
5.795 130.684066
5.8 130.732313
5.805 130.780532
5.81 130.828725
5.815 130.87689
5.82 130.925028
5.825 130.97314
5.83 131.021224
5.835 131.069281
5.84 131.117312
5.845 131.165316
5.85 131.213293
5.855 131.261243
5.86 131.309166
5.865 131.357063
5.87 131.404932
5.875 131.452776
5.88 131.500592
5.885 131.548382
5.89 131.596145
5.895 131.643882
5.9 131.691592
5.905 131.739276
5.91 131.786933
5.915 131.834563
5.92 131.882168
5.925 131.929746
5.93 131.977297
5.935 132.024822
5.94 132.072321
5.945 132.119794
5.95 132.16724
5.955 132.21466
5.96 132.262054
5.965 132.309422
5.97 132.356763
5.975 132.404079
5.98 132.451368
5.985 132.498632
5.99 132.545869
5.995 132.59308
6.0 132.640265
6.005 132.687425
6.01 132.734558
6.015 132.781666
6.02 132.828747
6.025 132.875803
6.03 132.922833
6.035 132.969838
6.04 133.016816
6.045 133.063769
6.05 133.110696
6.055 133.157597
6.06 133.204473
6.065 133.251323
6.07 133.298148
6.075 133.344947
6.08 133.39172
6.085 133.438468
6.09 133.48519
6.095 133.531887
6.1 133.578559
6.105 133.625205
6.11 133.671826
6.115 133.718421
6.12 133.764991
6.125 133.811536
6.13 133.858056
6.135 133.90455
6.14 133.951019
6.145 133.997463
6.15 134.043881
6.155 134.090275
6.16 134.136643
6.165 134.182987
6.17 134.229305
6.175 134.275598
6.18 134.321866
6.185 134.36811
6.19 134.414328
6.195 134.460521
6.2 134.50669
6.205 134.552833
6.21 134.598952
6.215 134.645046
6.22 134.691115
6.225 134.737159
6.23 134.783179
6.235 134.829174
6.24 134.875144
6.245 134.921089
6.25 134.96701
6.255 135.012906
6.26 135.058778
6.265 135.104624
6.27 135.150447
6.275 135.196245
6.28 135.242018
6.285 135.287767
6.29 135.333491
6.295 135.379191
6.3 135.424867
6.305 135.470518
6.31 135.516145
6.315 135.561748
6.32 135.607326
6.325 135.65288
6.33 135.698409
6.335 135.743915
6.34 135.789396
6.345 135.834853
6.35 135.880286
6.355 135.925695
6.36 135.97108
6.365 136.01644
6.37 136.061777
6.375 136.107089
6.38 136.152377
6.385 136.197642
6.39 136.242882
6.395 136.288099
6.4 136.333292
6.405 136.37846
6.41 136.423605
6.415 136.468726
6.42 136.513823
6.425 136.558897
6.43 136.603946
6.435 136.648972
6.44 136.693974
6.445 136.738953
6.45 136.783907
6.455 136.828839
6.46 136.873746
6.465 136.91863
6.47 136.96349
6.475 137.008327
6.48 137.05314
6.485 137.097929
6.49 137.142696
6.495 137.187438
6.5 137.232157
6.505 137.276853
6.51 137.321525
6.515 137.366174
6.52 137.4108
6.525 137.455402
6.53 137.499981
6.535 137.544537
6.54 137.589069
6.545 137.633578
6.55 137.678064
6.555 137.722527
6.56 137.766966
6.565 137.811383
6.57 137.855776
6.575 137.900146
6.58 137.944493
6.585 137.988817
6.59 138.033118
6.595 138.077396
6.6 138.121651
6.605 138.165883
6.61 138.210092
6.615 138.254278
6.62 138.298441
6.625 138.342581
6.63 138.386698
6.635 138.430793
6.64 138.474864
6.645 138.518913
6.65 138.562939
6.655 138.606943
6.66 138.650923
6.665 138.694881
6.67 138.738816
6.675 138.782729
6.68 138.826619
6.685 138.870486
6.69 138.91433
6.695 138.958152
6.7 139.001952
6.705 139.045729
6.71 139.089483
6.715 139.133215
6.72 139.176924
6.725 139.220611
6.73 139.264276
6.735 139.307918
6.74 139.351537
6.745 139.395135
6.75 139.43871
6.755 139.482262
6.76 139.525793
6.765 139.569301
6.77 139.612786
6.775 139.65625
6.78 139.699691
6.785 139.74311
6.79 139.786507
6.795 139.829882
6.8 139.873234
6.805 139.916564
6.81 139.959873
6.815 140.003159
6.82 140.046423
6.825 140.089665
6.83 140.132885
6.835 140.176083
6.84 140.219259
6.845 140.262414
6.85 140.305546
6.855 140.348656
6.86 140.391744
6.865 140.434811
6.87 140.477855
6.875 140.520878
6.88 140.563879
6.885 140.606858
6.89 140.649816
6.895 140.692751
6.9 140.735665
6.905 140.778557
6.91 140.821428
6.915 140.864276
6.92 140.907103
6.925 140.949909
6.93 140.992693
6.935 141.035455
6.94 141.078195
6.945 141.120914
6.95 141.163612
6.955 141.206288
6.96 141.248942
6.965 141.291575
6.97 141.334187
6.975 141.376777
6.98 141.419346
6.985 141.461893
6.99 141.504419
6.995 141.546923
7.0 141.589406
7.005 141.631868
7.01 141.674309
7.015 141.716728
7.02 141.759126
7.025 141.801502
7.03 141.843858
7.035 141.886192
7.04 141.928505
7.045 141.970797
7.05 142.013068
7.055 142.055317
7.06 142.097545
7.065 142.139753
7.07 142.181939
7.075 142.224104
7.08 142.266248
7.085 142.308371
7.09 142.350473
7.095 142.392554
7.1 142.434614
7.105 142.476654
7.11 142.518672
7.115 142.560669
7.12 142.602645
7.125 142.644601
7.13 142.686536
7.135 142.728449
7.14 142.770342
7.145 142.812215
7.15 142.854066
7.155 142.895897
7.16 142.937706
7.165 142.979495
7.17 143.021264
7.175 143.063012
7.18 143.104739
7.185 143.146445
7.19 143.188131
7.195 143.229796
7.2 143.27144
7.205 143.313064
7.21 143.354667
7.215 143.39625
7.22 143.437813
7.225 143.479354
7.23 143.520875
7.235 143.562376
7.24 143.603856
7.245 143.645316
7.25 143.686756
7.255 143.728175
7.26 143.769573
7.265 143.810951
7.27 143.852309
7.275 143.893647
7.28 143.934964
7.285 143.976261
7.29 144.017537
7.295 144.058794
7.3 144.10003
7.305 144.141246
7.31 144.182441
7.315 144.223617
7.32 144.264772
7.325 144.305907
7.33 144.347022
7.335 144.388117
7.34 144.429191
7.345 144.470246
7.35 144.51128
7.355 144.552295
7.36 144.593289
7.365 144.634263
7.37 144.675218
7.375 144.716152
7.38 144.757066
7.385 144.797961
7.39 144.838835
7.395 144.87969
7.4 144.920524
7.405 144.961339
7.41 145.002134
7.415 145.042909
7.42 145.083664
7.425 145.124399
7.43 145.165115
7.435 145.205811
7.44 145.246486
7.445 145.287143
7.45 145.327779
7.455 145.368396
7.46 145.408993
7.465 145.44957
7.47 145.490128
7.475 145.530665
7.48 145.571184
7.485 145.611682
7.49 145.652161
7.495 145.692621
7.5 145.733061
7.505 145.773481
7.51 145.813882
7.515 145.854263
7.52 145.894625
7.525 145.934967
7.53 145.97529
7.535 146.015593
7.54 146.055877
7.545 146.096141
7.55 146.136386
7.555 146.176612
7.56 146.216818
7.565 146.257005
7.57 146.297172
7.575 146.33732
7.58 146.377449
7.585 146.417558
7.59 146.457649
7.595 146.49772
7.6 146.537771
7.605 146.577804
7.61 146.617817
7.615 146.657811
7.62 146.697786
7.625 146.737741
7.63 146.777678
7.635 146.817595
7.64 146.857493
7.645 146.897372
7.65 146.937232
7.655 146.977073
7.66 147.016895
7.665 147.056697
7.67 147.096481
7.675 147.136246
7.68 147.175991
7.685 147.215718
7.69 147.255426
7.695 147.295114
7.7 147.334784
7.705 147.374435
7.71 147.414067
7.715 147.45368
7.72 147.493274
7.725 147.532849
7.73 147.572406
7.735 147.611943
7.74 147.651462
7.745 147.690962
7.75 147.730443
7.755 147.769905
7.76 147.809349
7.765 147.848774
7.77 147.88818
7.775 147.927567
7.78 147.966936
7.785 148.006286
7.79 148.045617
7.795 148.08493
7.8 148.124224
7.805 148.163499
7.81 148.202756
7.815 148.241994
7.82 148.281213
7.825 148.320414
7.83 148.359597
7.835 148.398761
7.84 148.437906
7.845 148.477033
7.85 148.516141
7.855 148.555231
7.86 148.594302
7.865 148.633355
7.87 148.67239
7.875 148.711406
7.88 148.750403
7.885 148.789383
7.89 148.828343
7.895 148.867286
7.9 148.90621
7.905 148.945116
7.91 148.984003
7.915 149.022873
7.92 149.061723
7.925 149.100556
7.93 149.13937
7.935 149.178166
7.94 149.216944
7.945 149.255704
7.95 149.294445
7.955 149.333168
7.96 149.371873
7.965 149.41056
7.97 149.449229
7.975 149.487879
7.98 149.526512
7.985 149.565126
7.99 149.603722
7.995 149.6423
8.0 149.68086
8.005 149.719402
8.01 149.757926
8.015 149.796432
8.02 149.83492
8.025 149.87339
8.03 149.911842
8.035 149.950276
8.04 149.988692
8.045 150.02709
8.05 150.06547
8.055 150.103832
8.06 150.142177
8.065 150.180503
8.07 150.218812
8.075 150.257102
8.08 150.295375
8.085 150.33363
8.09 150.371867
8.095 150.410087
8.1 150.448288
8.105 150.486472
8.11 150.524638
8.115 150.562786
8.12 150.600917
8.125 150.639029
8.13 150.677124
8.135 150.715202
8.14 150.753262
8.145 150.791304
8.15 150.829328
8.155 150.867335
8.16 150.905324
8.165 150.943295
8.17 150.981249
8.175 151.019185
8.18 151.057104
8.185 151.095005
8.19 151.132888
8.195 151.170754
8.2 151.208603
8.205 151.246434
8.21 151.284247
8.215 151.322043
8.22 151.359822
8.225 151.397583
8.23 151.435326
8.235 151.473053
8.24 151.510761
8.245 151.548453
8.25 151.586127
8.255 151.623783
8.26 151.661422
8.265 151.699044
8.27 151.736648
8.275 151.774236
8.28 151.811805
8.285 151.849358
8.29 151.886893
8.295 151.924411
8.3 151.961912
8.305 151.999395
8.31 152.036861
8.315 152.07431
8.32 152.111742
8.325 152.149156
8.33 152.186554
8.335 152.223934
8.34 152.261297
8.345 152.298643
8.35 152.335971
8.355 152.373283
8.36 152.410577
8.365 152.447855
8.37 152.485115
8.375 152.522358
8.38 152.559584
8.385 152.596793
8.39 152.633985
8.395 152.67116
8.4 152.708318
8.405 152.745459
8.41 152.782583
8.415 152.81969
8.42 152.85678
8.425 152.893853
8.43 152.930909
8.435 152.967948
8.44 153.004971
8.445 153.041976
8.45 153.078964
8.455 153.115936
8.46 153.152891
8.465 153.189829
8.47 153.22675
8.475 153.263654
8.48 153.300541
8.485 153.337412
8.49 153.374266
8.495 153.411103
8.5 153.447923
8.505 153.484726
8.51 153.521513
8.515 153.558283
8.52 153.595036
8.525 153.631773
8.53 153.668493
8.535 153.705196
8.54 153.741882
8.545 153.778552
8.55 153.815205
8.555 153.851842
8.56 153.888462
8.565 153.925065
8.57 153.961652
8.575 153.998222
8.58 154.034775
8.585 154.071312
8.59 154.107833
8.595 154.144336
8.6 154.180824
8.605 154.217295
8.61 154.253749
8.615 154.290187
8.62 154.326608
8.625 154.363013
8.63 154.399401
8.635 154.435773
8.64 154.472128
8.645 154.508467
8.65 154.54479
8.655 154.581096
8.66 154.617386
8.665 154.65366
8.67 154.689917
8.675 154.726157
8.68 154.762382
8.685 154.79859
8.69 154.834782
8.695 154.870957
8.7 154.907116
8.705 154.943259
8.71 154.979385
8.715 155.015496
8.72 155.05159
8.725 155.087667
8.73 155.123729
8.735 155.159774
8.74 155.195803
8.745 155.231816
8.75 155.267813
8.755 155.303794
8.76 155.339758
8.765 155.375706
8.77 155.411638
8.775 155.447554
8.78 155.483454
8.785 155.519338
8.79 155.555205
8.795 155.591057
8.8 155.626892
8.805 155.662712
8.81 155.698515
8.815 155.734302
8.82 155.770074
8.825 155.805829
8.83 155.841568
8.835 155.877291
8.84 155.912999
8.845 155.94869
8.85 155.984365
8.855 156.020024
8.86 156.055668
8.865 156.091295
8.87 156.126907
8.875 156.162503
8.88 156.198082
8.885 156.233646
8.89 156.269194
8.895 156.304726
8.9 156.340242
8.905 156.375743
8.91 156.411227
8.915 156.446696
8.92 156.482149
8.925 156.517586
8.93 156.553008
8.935 156.588413
8.94 156.623803
8.945 156.659177
8.95 156.694535
8.955 156.729878
8.96 156.765205
8.965 156.800516
8.97 156.835811
8.975 156.871091
8.98 156.906355
8.985 156.941603
8.99 156.976836
8.995 157.012053
9.0 157.047254
9.005 157.08244
9.01 157.11761
9.015 157.152764
9.02 157.187903
9.025 157.223027
9.03 157.258134
9.035 157.293226
9.04 157.328303
9.045 157.363364
9.05 157.39841
9.055 157.43344
9.06 157.468454
9.065 157.503453
9.07 157.538436
9.075 157.573404
9.08 157.608357
9.085 157.643294
9.09 157.678216
9.095 157.713122
9.1 157.748012
9.105 157.782888
9.11 157.817747
9.115 157.852592
9.12 157.887421
9.125 157.922235
9.13 157.957033
9.135 157.991816
9.14 158.026583
9.145 158.061336
9.15 158.096073
9.155 158.130794
9.16 158.1655
9.165 158.200191
9.17 158.234867
9.175 158.269527
9.18 158.304172
9.185 158.338802
9.19 158.373417
9.195 158.408016
9.2 158.4426
9.205 158.477169
9.21 158.511723
9.215 158.546261
9.22 158.580785
9.225 158.615293
9.23 158.649786
9.235 158.684263
9.24 158.718726
9.245 158.753173
9.25 158.787606
9.255 158.822023
9.26 158.856425
9.265 158.890812
9.27 158.925184
9.275 158.959541
9.28 158.993882
9.285 159.028209
9.29 159.062521
9.295 159.096817
9.3 159.131099
9.305 159.165365
9.31 159.199617
9.315 159.233853
9.32 159.268075
9.325 159.302281
9.33 159.336473
9.335 159.370649
9.34 159.404811
9.345 159.438957
9.35 159.473089
9.355 159.507206
9.36 159.541308
9.365 159.575395
9.37 159.609467
9.375 159.643524
9.38 159.677566
9.385 159.711593
9.39 159.745606
9.395 159.779604
9.4 159.813586
9.405 159.847554
9.41 159.881508
9.415 159.915446
9.42 159.949369
9.425 159.983278
9.43 160.017172
9.435 160.051051
9.44 160.084916
9.445 160.118765
9.45 160.1526
9.455 160.18642
9.46 160.220226
9.465 160.254016
9.47 160.287792
9.475 160.321554
9.48 160.3553
9.485 160.389032
9.49 160.422749
9.495 160.456452
9.5 160.49014
9.505 160.523813
9.51 160.557472
9.515 160.591116
9.52 160.624745
9.525 160.65836
9.53 160.69196
9.535 160.725546
9.54 160.759117
9.545 160.792673
9.55 160.826215
9.555 160.859742
9.56 160.893255
9.565 160.926753
9.57 160.960237
9.575 160.993706
9.58 161.02716
9.585 161.0606
9.59 161.094026
9.595 161.127437
9.6 161.160834
9.605 161.194216
9.61 161.227584
9.615 161.260937
9.62 161.294276
9.625 161.327601
9.63 161.360911
9.635 161.394206
9.64 161.427487
9.645 161.460754
9.65 161.494007
9.655 161.527245
9.66 161.560468
9.665 161.593678
9.67 161.626873
9.675 161.660053
9.68 161.693219
9.685 161.726371
9.69 161.759509
9.695 161.792632
9.7 161.825741
9.705 161.858836
9.71 161.891917
9.715 161.924983
9.72 161.958035
9.725 161.991073
9.73 162.024096
9.735 162.057105
9.74 162.0901
9.745 162.123081
9.75 162.156048
9.755 162.189
9.76 162.221938
9.765 162.254862
9.77 162.287772
9.775 162.320667
9.78 162.353549
9.785 162.386416
9.79 162.419269
9.795 162.452109
9.8 162.484933
9.805 162.517744
9.81 162.550541
9.815 162.583324
9.82 162.616092
9.825 162.648847
9.83 162.681587
9.835 162.714313
9.84 162.747025
9.845 162.779724
9.85 162.812408
9.855 162.845078
9.86 162.877734
9.865 162.910376
