marxs/optics/tests/data/ccd_redist_normal.ecsv
# %ECSV 1.0
# ---
# datatype:
# - {name: energy, unit: keV, datatype: float64}
# - {name: FWHM, unit: eV, datatype: float64}
# meta: !!omap
# - comments: [Arcus CCD QE spectral response FWHM, Prepared by Eric Miller (MIT) 2021-02-11, Assumes the response is Gaussian with FWHM
#       vs. energy equal to the maximum, of 70 eV or the Suzaku XIS1 BI ground-based measurement from, 'Matsumoto et al. 2006, Proc. of
#       SPIE Vol. 6266 626641-7,', 'https://doi.org/10.1117/12.671033, given by:', "FWHM = sqrt(A\xD7E**2 + B\xD7E + C),", where E is
#       the energy in keV and, "A = 81.63 \xB1 5.09", "B = 2374.7 \xB1 18.9", "C = 236.2 \xB1 13.3", 'Columns are:', 'Col1:  energy in
#       keV', 'Col2:  FWHM of Gaussian spectral redistribution in eV', '']
# - __serialized_columns__:
#     FWHM:
#       __class__: astropy.units.quantity.Quantity
#       unit: !astropy.units.Unit {unit: eV}
#       value: !astropy.table.SerializedColumn {name: FWHM}
#     energy:
#       __class__: astropy.units.quantity.Quantity
#       unit: !astropy.units.Unit {unit: keV}
#       value: !astropy.table.SerializedColumn {name: energy}
# schema: astropy-2.0
energy FWHM
[from data line 4797]
9.875 162.975618
9.88 163.008218
9.885 163.040805
9.89 163.073377
9.895 163.105935
9.9 163.138479
9.905 163.17101
9.91 163.203526
9.915 163.236028
9.92 163.268517
9.925 163.300991
9.93 163.333452
9.935 163.365899
9.94 163.398332
9.945 163.430751
9.95 163.463156
9.955 163.495547
9.96 163.527925
9.965 163.560288
9.97 163.592638
9.975 163.624974
9.98 163.657296
9.985 163.689604
9.99 163.721899
9.995 163.754179
10.0 163.786446
10.005 163.818699
10.01 163.850939
10.015 163.883164
10.02 163.915376
10.025 163.947574
10.03 163.979759
10.035 164.011929
10.04 164.044086
10.045 164.076229
10.05 164.108359
10.055 164.140474
10.06 164.172576
10.065 164.204665
10.07 164.236739
10.075 164.2688
10.08 164.300848
10.085 164.332881
10.09 164.364902
10.095 164.396908
10.1 164.428901
10.105 164.46088
10.11 164.492845
10.115 164.524797
10.12 164.556736
10.125 164.588661
10.13 164.620572
10.135 164.652469
10.14 164.684353
10.145 164.716224
10.15 164.748081
10.155 164.779924
10.16 164.811754
10.165 164.84357
10.17 164.875373
10.175 164.907163
10.18 164.938938
10.185 164.970701
10.19 165.00245
10.195 165.034185
10.2 165.065907
10.205 165.097615
10.21 165.12931
10.215 165.160992
10.22 165.19266
10.225 165.224314
10.23 165.255956
10.235 165.287583
10.24 165.319198
10.245 165.350799
10.25 165.382386
10.255 165.413961
10.26 165.445521
10.265 165.477069
10.27 165.508603
10.275 165.540124
10.28 165.571631
10.285 165.603125
10.29 165.634606
10.295 165.666073
10.3 165.697527
10.305 165.728968
10.31 165.760396
10.315 165.79181
10.32 165.823211
10.325 165.854598
10.33 165.885973
10.335 165.917334
10.34 165.948682
10.345 165.980016
10.35 166.011337
10.355 166.042645
10.36 166.07394
10.365 166.105222
10.37 166.13649
10.375 166.167746
10.38 166.198988
10.385 166.230216
10.39 166.261432
10.395 166.292635
10.4 166.323824
10.405 166.355
10.41 166.386163
10.415 166.417313
10.42 166.44845
10.425 166.479573
10.43 166.510684
10.435 166.541781
10.44 166.572865
10.445 166.603936
10.45 166.634994
10.455 166.666039
10.46 166.697071
10.465 166.72809
10.47 166.759096
10.475 166.790088
10.48 166.821068
10.485 166.852035
10.49 166.882988
10.495 166.913929
10.5 166.944856
10.505 166.975771
10.51 167.006672
10.515 167.037561
10.52 167.068436
10.525 167.099299
10.53 167.130148
10.535 167.160985
10.54 167.191808
10.545 167.222619
10.55 167.253417
10.555 167.284201
10.56 167.314973
10.565 167.345732
10.57 167.376478
10.575 167.407211
10.58 167.437931
10.585 167.468638
10.59 167.499333
10.595 167.530014
10.6 167.560683
10.605 167.591338
10.61 167.621981
10.615 167.652611
10.62 167.683228
10.625 167.713833
10.63 167.744424
10.635 167.775003
10.64 167.805569
10.645 167.836122
10.65 167.866662
10.655 167.897189
10.66 167.927704
10.665 167.958206
10.67 167.988695
10.675 168.019171
10.68 168.049634
10.685 168.080085
10.69 168.110523
10.695 168.140948
10.7 168.171361
10.705 168.201761
10.71 168.232148
10.715 168.262522
10.72 168.292884
10.725 168.323232
10.73 168.353569
10.735 168.383892
10.74 168.414203
10.745 168.444501
10.75 168.474787
10.755 168.50506
10.76 168.53532
10.765 168.565567
10.77 168.595802
10.775 168.626024
10.78 168.656234
10.785 168.686431
10.79 168.716615
10.795 168.746787
10.8 168.776946
10.805 168.807093
10.81 168.837227
10.815 168.867348
10.82 168.897457
10.825 168.927553
10.83 168.957637
10.835 168.987708
10.84 169.017767
10.845 169.047813
10.85 169.077846
10.855 169.107867
10.86 169.137876
10.865 169.167872
10.87 169.197855
10.875 169.227826
10.88 169.257785
10.885 169.287731
10.89 169.317664
10.895 169.347585
10.9 169.377494
10.905 169.40739
10.91 169.437274
10.915 169.467145
10.92 169.497003
10.925 169.52685
10.93 169.556684
10.935 169.586505
10.94 169.616314
10.945 169.646111
10.95 169.675895
10.955 169.705667
10.96 169.735426
10.965 169.765173
10.97 169.794908
10.975 169.82463
10.98 169.85434
10.985 169.884038
10.99 169.913723
10.995 169.943396
11.0 169.973057
11.005 170.002705
11.01 170.032341
11.015 170.061964
11.02 170.091576
11.025 170.121175
11.03 170.150761
11.035 170.180336
11.04 170.209898
11.045 170.239448
11.05 170.268985
11.055 170.298511
11.06 170.328024
11.065 170.357524
11.07 170.387013
11.075 170.416489
11.08 170.445953
11.085 170.475405
11.09 170.504845
11.095 170.534272
11.1 170.563687
11.105 170.59309
11.11 170.622481
11.115 170.65186
11.12 170.681226
11.125 170.71058
11.13 170.739922
11.135 170.769252
11.14 170.79857
11.145 170.827875
11.15 170.857169
11.155 170.88645
11.16 170.915719
11.165 170.944976
11.17 170.974221
11.175 171.003454
11.18 171.032675
11.185 171.061883
11.19 171.09108
11.195 171.120264
11.2 171.149436
11.205 171.178597
11.21 171.207745
11.215 171.236881
11.22 171.266005
11.225 171.295117
11.23 171.324217
11.235 171.353305
11.24 171.382381
11.245 171.411444
11.25 171.440496
11.255 171.469536
11.26 171.498564
11.265 171.52758
11.27 171.556583
11.275 171.585575
11.28 171.614555
11.285 171.643523
11.29 171.672479
11.295 171.701422
11.3 171.730354
11.305 171.759274
11.31 171.788182
11.315 171.817078
11.32 171.845962
11.325 171.874835
11.33 171.903695
11.335 171.932543
11.34 171.96138
11.345 171.990204
11.35 172.019017
11.355 172.047818
11.36 172.076606
11.365 172.105383
11.37 172.134148
11.375 172.162902
11.38 172.191643
11.385 172.220372
11.39 172.24909
11.395 172.277796
11.4 172.30649
11.405 172.335172
11.41 172.363842
11.415 172.392501
11.42 172.421147
11.425 172.449782
11.43 172.478405
11.435 172.507016
11.44 172.535616
11.445 172.564203
11.45 172.592779
11.455 172.621343
11.46 172.649895
11.465 172.678436
11.47 172.706965
11.475 172.735482
11.48 172.763987
11.485 172.79248
11.49 172.820962
11.495 172.849432
11.5 172.87789
11.505 172.906337
11.51 172.934772
11.515 172.963195
11.52 172.991607
11.525 173.020006
11.53 173.048394
11.535 173.076771
11.54 173.105136
11.545 173.133489
11.55 173.16183
11.555 173.19016
11.56 173.218478
11.565 173.246784
11.57 173.275079
11.575 173.303362
11.58 173.331634
11.585 173.359893
11.59 173.388142
11.595 173.416378
11.6 173.444603
11.605 173.472817
11.61 173.501018
11.615 173.529209
11.62 173.557387
11.625 173.585554
11.63 173.61371
11.635 173.641854
11.64 173.669986
11.645 173.698107
11.65 173.726216
11.655 173.754314
11.66 173.7824
11.665 173.810474
11.67 173.838538
11.675 173.866589
11.68 173.894629
11.685 173.922658
11.69 173.950675
11.695 173.97868
11.7 174.006674
11.705 174.034657
11.71 174.062628
11.715 174.090587
11.72 174.118535
11.725 174.146472
11.73 174.174397
11.735 174.20231
11.74 174.230213
11.745 174.258103
11.75 174.285983
11.755 174.313851
11.76 174.341707
11.765 174.369552
11.77 174.397386
11.775 174.425208
11.78 174.453018
11.785 174.480818
11.79 174.508606
11.795 174.536382
11.8 174.564148
11.805 174.591901
11.81 174.619644
11.815 174.647375
11.82 174.675094
11.825 174.702803
11.83 174.7305
11.835 174.758185
11.84 174.78586
11.845 174.813522
11.85 174.841174
11.855 174.868814
11.86 174.896443
11.865 174.924061
11.87 174.951667
11.875 174.979262
11.88 175.006846
11.885 175.034418
11.89 175.061979
11.895 175.089529
11.9 175.117068
11.905 175.144595
11.91 175.172111
11.915 175.199616
11.92 175.227109
11.925 175.254591
11.93 175.282062
11.935 175.309522
11.94 175.33697
11.945 175.364408
11.95 175.391834
11.955 175.419249
11.96 175.446652
11.965 175.474044
11.97 175.501426
11.975 175.528796
11.98 175.556154
11.985 175.583502
11.99 175.610838
11.995 175.638164
12.0 175.665478
12.005 175.69278
12.01 175.720072
12.015 175.747353
12.02 175.774622
12.025 175.80188
12.03 175.829127
12.035 175.856363
12.04 175.883588
12.045 175.910802
12.05 175.938004
12.055 175.965196
12.06 175.992376
12.065 176.019545
12.07 176.046703
12.075 176.07385
12.08 176.100986
12.085 176.128111
12.09 176.155225
12.095 176.182328
12.1 176.209419
12.105 176.2365
12.11 176.263569
12.115 176.290628
12.12 176.317675
12.125 176.344711
12.13 176.371737
12.135 176.398751
12.14 176.425754
12.145 176.452746
12.15 176.479727
12.155 176.506697
12.16 176.533657
12.165 176.560605
12.17 176.587542
12.175 176.614468
12.18 176.641383
12.185 176.668287
12.19 176.69518
12.195 176.722063
12.2 176.748934
12.205 176.775794
12.21 176.802643
12.215 176.829482
12.22 176.856309
12.225 176.883126
12.23 176.909931
12.235 176.936726
12.24 176.963509
12.245 176.990282
12.25 177.017044
12.255 177.043795
12.26 177.070534
12.265 177.097264
12.27 177.123982
12.275 177.150689
12.28 177.177385
12.285 177.204071
12.29 177.230745
12.295 177.257409
12.3 177.284062
12.305 177.310704
12.31 177.337335
12.315 177.363955
12.32 177.390565
12.325 177.417163
12.33 177.443751
12.335 177.470328
12.34 177.496894
12.345 177.523449
12.35 177.549993
12.355 177.576527
12.36 177.60305
12.365 177.629562
12.37 177.656063
12.375 177.682553
12.38 177.709033
12.385 177.735501
12.39 177.761959
12.395 177.788407
12.4 177.814843
12.405 177.841269
12.41 177.867684
12.415 177.894088
12.42 177.920481
12.425 177.946864
12.43 177.973236
12.435 177.999597
12.44 178.025947
12.445 178.052287
12.45 178.078616
12.455 178.104934
12.46 178.131241
12.465 178.157538
12.47 178.183824
12.475 178.2101
12.48 178.236364
12.485 178.262618
12.49 178.288861
12.495 178.315094
12.5 178.341316
12.505 178.367527
12.51 178.393728
12.515 178.419918
12.52 178.446097
12.525 178.472266
12.53 178.498424
12.535 178.524571
12.54 178.550707
12.545 178.576834
12.55 178.602949
12.555 178.629054
12.56 178.655148
12.565 178.681231
12.57 178.707304
12.575 178.733366
12.58 178.759418
12.585 178.785459
12.59 178.81149
12.595 178.83751
12.6 178.863519
12.605 178.889518
12.61 178.915506
12.615 178.941483
12.62 178.96745
12.625 178.993407
12.63 179.019353
12.635 179.045288
12.64 179.071213
12.645 179.097127
12.65 179.123031
12.655 179.148924
12.66 179.174807
12.665 179.200679
12.67 179.22654
12.675 179.252391
12.68 179.278232
12.685 179.304062
12.69 179.329881
12.695 179.35569
12.7 179.381489
12.705 179.407277
12.71 179.433055
12.715 179.458822
12.72 179.484578
12.725 179.510324
12.73 179.53606
12.735 179.561785
12.74 179.5875
12.745 179.613204
12.75 179.638898
12.755 179.664582
12.76 179.690255
12.765 179.715917
12.77 179.741569
12.775 179.767211
12.78 179.792842
12.785 179.818463
12.79 179.844073
12.795 179.869673
12.8 179.895263
12.805 179.920842
12.81 179.946411
12.815 179.971969
12.82 179.997517
12.825 180.023055
12.83 180.048582
12.835 180.074099
12.84 180.099606
12.845 180.125102
12.85 180.150587
12.855 180.176063
12.86 180.201528
12.865 180.226983
12.87 180.252427
12.875 180.277861
12.88 180.303285
12.885 180.328698
12.89 180.354101
12.895 180.379494
12.9 180.404876
12.905 180.430248
12.91 180.45561
12.915 180.480962
12.92 180.506303
12.925 180.531634
12.93 180.556954
12.935 180.582265
12.94 180.607565
12.945 180.632854
12.95 180.658134
12.955 180.683403
12.96 180.708662
12.965 180.733911
12.97 180.759149
12.975 180.784377
12.98 180.809595
12.985 180.834803
12.99 180.86
12.995 180.885188
13.0 180.910365
13.005 180.935531
13.01 180.960688
13.015 180.985834
13.02 181.01097
13.025 181.036096
13.03 181.061212
13.035 181.086317
13.04 181.111413
13.045 181.136498
13.05 181.161572
13.055 181.186637
13.06 181.211692
13.065 181.236736
13.07 181.26177
13.075 181.286794
13.08 181.311808
13.085 181.336812
13.09 181.361805
13.095 181.386789
13.1 181.411762
13.105 181.436725
13.11 181.461678
13.115 181.486621
13.12 181.511554
13.125 181.536476
13.13 181.561389
13.135 181.586291
13.14 181.611183
13.145 181.636065
13.15 181.660937
13.155 181.685799
13.16 181.710651
13.165 181.735493
13.17 181.760324
13.175 181.785146
13.18 181.809957
13.185 181.834759
13.19 181.85955
13.195 181.884331
13.2 181.909103
13.205 181.933864
13.21 181.958615
13.215 181.983356
13.22 182.008087
13.225 182.032808
13.23 182.057519
13.235 182.082219
13.24 182.10691
13.245 182.131591
13.25 182.156262
13.255 182.180923
13.26 182.205573
13.265 182.230214
13.27 182.254845
13.275 182.279466
13.28 182.304076
13.285 182.328677
13.29 182.353268
13.295 182.377849
13.3 182.402419
13.305 182.42698
13.31 182.451531
13.315 182.476072
13.32 182.500603
13.325 182.525124
13.33 182.549635
13.335 182.574136
13.34 182.598627
13.345 182.623108
13.35 182.647579
13.355 182.67204
13.36 182.696492
13.365 182.720933
13.37 182.745364
13.375 182.769786
13.38 182.794198
13.385 182.818599
13.39 182.842991
13.395 182.867373
13.4 182.891745
13.405 182.916107
13.41 182.940459
13.415 182.964802
13.42 182.989134
13.425 183.013457
13.43 183.037769
13.435 183.062072
13.44 183.086365
13.445 183.110648
13.45 183.134921
13.455 183.159184
13.46 183.183438
13.465 183.207682
13.47 183.231915
13.475 183.256139
13.48 183.280353
13.485 183.304558
13.49 183.328752
13.495 183.352937
13.5 183.377111
13.505 183.401276
13.51 183.425432
13.515 183.449577
13.52 183.473712
13.525 183.497838
13.53 183.521954
13.535 183.54606
13.54 183.570156
13.545 183.594243
13.55 183.61832
13.555 183.642387
13.56 183.666444
13.565 183.690491
13.57 183.714529
13.575 183.738557
13.58 183.762575
13.585 183.786583
13.59 183.810582
13.595 183.834571
13.6 183.85855
13.605 183.882519
13.61 183.906479
13.615 183.930429
13.62 183.954369
13.625 183.9783
13.63 184.00222
13.635 184.026131
13.64 184.050033
13.645 184.073924
13.65 184.097806
13.655 184.121678
13.66 184.145541
13.665 184.169393
13.67 184.193236
13.675 184.21707
13.68 184.240893
13.685 184.264707
13.69 184.288512
13.695 184.312306
13.7 184.336091
13.705 184.359867
13.71 184.383632
13.715 184.407388
13.72 184.431135
13.725 184.454871
13.73 184.478598
13.735 184.502316
13.74 184.526024
13.745 184.549722
13.75 184.57341
13.755 184.597089
13.76 184.620758
13.765 184.644418
13.77 184.668068
13.775 184.691708
13.78 184.715339
13.785 184.73896
13.79 184.762572
13.795 184.786174
13.8 184.809766
13.805 184.833349
13.81 184.856922
13.815 184.880485
13.82 184.904039
13.825 184.927584
13.83 184.951119
13.835 184.974644
13.84 184.99816
13.845 185.021666
13.85 185.045162
13.855 185.068649
13.86 185.092127
13.865 185.115595
13.87 185.139053
13.875 185.162502
13.88 185.185941
13.885 185.209371
13.89 185.232791
13.895 185.256202
13.9 185.279603
13.905 185.302995
13.91 185.326377
13.915 185.34975
13.92 185.373113
13.925 185.396466
13.93 185.419811
13.935 185.443145
13.94 185.46647
13.945 185.489786
13.95 185.513092
13.955 185.536389
13.96 185.559676
13.965 185.582954
13.97 185.606222
13.975 185.629481
13.98 185.65273
13.985 185.67597
13.99 185.6992
13.995 185.722421
14.0 185.745633
14.005 185.768835
14.01 185.792027
14.015 185.81521
14.02 185.838384
14.025 185.861548
14.03 185.884703
14.035 185.907848
14.04 185.930984
14.045 185.954111
14.05 185.977228
14.055 186.000336
14.06 186.023434
14.065 186.046523
14.07 186.069602
14.075 186.092673
14.08 186.115733
14.085 186.138785
14.09 186.161827
14.095 186.184859
14.1 186.207882
14.105 186.230896
14.11 186.2539
14.115 186.276895
14.12 186.299881
14.125 186.322857
14.13 186.345824
14.135 186.368782
14.14 186.39173
14.145 186.414669
14.15 186.437599
14.155 186.460519
14.16 186.48343
14.165 186.506331
14.17 186.529223
14.175 186.552106
14.18 186.57498
14.185 186.597844
14.19 186.620699
14.195 186.643544
14.2 186.66638
14.205 186.689207
14.21 186.712025
14.215 186.734833
14.22 186.757632
14.225 186.780422
14.23 186.803203
14.235 186.825974
14.24 186.848736
14.245 186.871488
14.25 186.894231
14.255 186.916965
14.26 186.93969
14.265 186.962406
14.27 186.985112
14.275 187.007809
14.28 187.030497
14.285 187.053175
14.29 187.075844
14.295 187.098504
14.3 187.121155
14.305 187.143796
14.31 187.166429
14.315 187.189052
14.32 187.211665
14.325 187.23427
14.33 187.256865
14.335 187.279451
14.34 187.302028
14.345 187.324596
14.35 187.347154
14.355 187.369703
14.36 187.392243
14.365 187.414774
14.37 187.437296
14.375 187.459808
14.38 187.482311
14.385 187.504805
14.39 187.52729
14.395 187.549766
14.4 187.572232
14.405 187.59469
14.41 187.617138
14.415 187.639577
14.42 187.662007
14.425 187.684427
14.43 187.706839
14.435 187.729241
14.44 187.751634
14.445 187.774018
14.45 187.796393
14.455 187.818759
14.46 187.841116
14.465 187.863463
14.47 187.885802
14.475 187.908131
14.48 187.930451
14.485 187.952762
