marxs/missions/lynx/data/ir_reflectivity.dat
# %ECSV 1.0
# ---
# datatype:
# - {name: energy, unit: eV, datatype: float64}
# - {name: '0.1', datatype: float64}
# - {name: '0.2', datatype: float64}
# - {name: '0.4', datatype: float64}
# - {name: '0.5', datatype: float64}
# - {name: '0.6', datatype: float64}
# - {name: '0.7', datatype: float64}
# - {name: '0.8', datatype: float64}
# - {name: '0.9', datatype: float64}
# - {name: '1.', datatype: float64}
# - {name: '1.2', datatype: float64}
# - {name: '1.4', datatype: float64}
# - {name: '1.6', datatype: float64}
# - {name: '1.8', datatype: float64}
# - {name: '2.', datatype: float64}
# - {name: '2.2', datatype: float64}
# - {name: '2.4', datatype: float64}
# - {name: '2.6', datatype: float64}
# - {name: '2.8', datatype: float64}
# meta: !!omap
# - {CREATOR: Moritz Guenther/MIT}
# - {HENKE: 'Ir Rho=22.42, Sig=0.nm, P=0.'}
# - {NOTES: Retrieved from CXRO online query form henke}
# schema: astropy-2.0
energy 0.1 0.2 0.4 0.5 0.6 0.7 0.8 0.9 1. 1.2 1.4 1.6 1.8 2. 2.2 2.4 2.6 2.8
[from data line 95]
2442.0 0.944635 0.891916 0.792444 0.744856 0.698217 0.652201 0.606506 0.56085 0.514975 0.421761 0.326326 0.232142 0.150037 0.09166886 0.05640598 0.03609823 0.02413853 0.01678666
2465.6 0.944947 0.892499 0.793427 0.745961 0.699383 0.65336 0.607581 0.561753 0.515605 0.421481 0.324625 0.228862 0.146096 0.08839893 0.05414915 0.03460464 0.02313586 0.01609373
2489.2 0.945108 0.892793 0.793885 0.746436 0.699822 0.653701 0.607753 0.561672 0.515173 0.420002 0.321636 0.224371 0.141317 0.08470466 0.05169261 0.03300847 0.02207445 0.01536407
2512.8 0.94464 0.891893 0.792161 0.744292 0.697236 0.650638 0.604165 0.557499 0.510341 0.413614 0.313522 0.215245 0.133301 0.07918298 0.04823267 0.03082719 0.02064777 0.01439298
2536.4 0.943332 0.889396 0.787524 0.738653 0.690614 0.643034 0.595563 0.54787 0.49965 0.400724 0.298753 0.200423 0.121642 0.07171701 0.0437155 0.02802388 0.01882805 0.01315926
2560.0 0.93291 0.869768 0.752546 0.697337 0.643778 0.591482 0.540121 0.48943 0.439223 0.340156 0.245057 0.161483 0.09937932 0.06043864 0.03787929 0.02477325 0.01687722 0.01191253
2583.6 0.940875 0.88477 0.779355 0.729099 0.679937 0.63151 0.583492 0.535589 0.487544 0.390375 0.292366 0.199387 0.124176 0.07475796 0.04608706 0.02970306 0.02000665 0.01399982
2607.2 0.94238 0.887611 0.784419 0.735071 0.686685 0.638901 0.591386 0.543832 0.495963 0.398498 0.299084 0.203607 0.125928 0.07521258 0.0461095 0.02961788 0.01990892 0.01391367
2630.8 0.943549 0.889818 0.78835 0.739699 0.691901 0.644593 0.597433 0.5501 0.502298 0.404396 0.303577 0.205853 0.126257 0.07481539 0.04564637 0.02924529 0.01963116 0.01370868
2654.4 0.944455 0.891527 0.791385 0.743261 0.695897 0.648925 0.601995 0.554771 0.506938 0.40845 0.306186 0.206401 0.12538 0.07372297 0.04479824 0.02864859 0.01921429 0.01341233
2678.0 0.945191 0.892916 0.793844 0.746136 0.699106 0.652379 0.605596 0.558405 0.510473 0.411288 0.307524 0.205786 0.123702 0.07219679 0.04372136 0.02792274 0.01871874 0.01306491
2701.6 0.945868 0.894194 0.796103 0.748774 0.702046 0.655536 0.608873 0.561693 0.513639 0.413713 0.308407 0.204729 0.12174 0.07054665 0.04259386 0.02717427 0.01821187 0.01271122
2725.2 0.946421 0.895237 0.797936 0.750905 0.704401 0.658036 0.611427 0.564193 0.515959 0.415185 0.308265 0.202735 0.119185 0.06860561 0.04132218 0.02634688 0.01765761 0.01232699
2748.8 0.946953 0.89624 0.799701 0.752954 0.706665 0.660436 0.613872 0.566577 0.518153 0.416501 0.307919 0.200532 0.116541 0.06666408 0.04006946 0.02553733 0.01711705 0.01195287
2772.4 0.947387 0.897059 0.801128 0.754599 0.708461 0.662309 0.615734 0.568323 0.519655 0.41702 0.306697 0.197548 0.113457 0.0645306 0.03872778 0.02468064 0.01654861 0.0115609
2796.0 0.947799 0.897835 0.802478 0.756152 0.710152 0.664064 0.617466 0.569925 0.520997 0.417337 0.305216 0.194329 0.110302 0.06241115 0.03741091 0.02384392 0.0159946 0.01117925
2819.6 0.948124 0.898444 0.803523 0.757336 0.711416 0.665335 0.618658 0.570932 0.52169 0.41689 0.302884 0.190391 0.106795 0.06015406 0.03603326 0.02297547 0.01542184 0.01078554
2843.2 0.948391 0.898945 0.804367 0.758279 0.712399 0.666287 0.619492 0.571543 0.521946 0.415914 0.299945 0.185966 0.103104 0.05785061 0.03464404 0.02210391 0.01484824 0.01039163
2866.8 0.948514 0.899168 0.804698 0.758602 0.712657 0.666414 0.619403 0.571132 0.521079 0.413616 0.295572 0.180417 0.09887916 0.05531799 0.03314061 0.0211672 0.01423386 0.009970514
2890.4 0.947731 0.897661 0.801825 0.755045 0.708389 0.661386 0.613545 0.564347 0.513245 0.403284 0.282842 0.168416 0.09119008 0.05103991 0.03068082 0.01965861 0.01325317 0.009302059
2914.0 0.944118 0.890785 0.789252 0.739961 0.690989 0.641851 0.592061 0.541124 0.488552 0.376996 0.258753 0.1523 0.08315728 0.04712677 0.02858773 0.01842999 0.01247731 0.008783878
2937.6 0.947024 0.896313 0.799347 0.752062 0.704936 0.657492 0.60924 0.559663 0.508223 0.397808 0.277619 0.164742 0.08930011 0.05010539 0.03017658 0.01936087 0.01306434 0.009175534
2961.2 0.947696 0.897586 0.801619 0.754731 0.707927 0.660723 0.612612 0.563056 0.511485 0.400171 0.278026 0.163268 0.08772389 0.04905383 0.02951573 0.01893424 0.01277778 0.00897578
2984.8 0.948278 0.898687 0.803577 0.757023 0.710483 0.663463 0.61544 0.565853 0.514101 0.401787 0.277626 0.161176 0.08585604 0.04787279 0.02878941 0.01847029 0.012468 0.008760639
3008.4 0.948708 0.899499 0.805001 0.75867 0.712289 0.66535 0.617315 0.567599 0.515567 0.40206 0.275803 0.15804 0.0834882 0.04645748 0.02793913 0.01793346 0.01211194 0.0085144
3032.0 0.949106 0.900249 0.806314 0.760183 0.713939 0.667061 0.618994 0.569128 0.51679 0.402028 0.273616 0.154679 0.08107229 0.04503972 0.02709293 0.0174006 0.01175892 0.008270389
3055.6 0.949438 0.900876 0.807397 0.761419 0.715266 0.668404 0.62026 0.570196 0.517503 0.401374 0.270743 0.150884 0.07850631 0.04356639 0.02622066 0.01685324 0.01139691 0.008020398
3079.2 0.949748 0.901459 0.808402 0.762561 0.716483 0.669622 0.621384 0.571104 0.518035 0.400473 0.267569 0.146958 0.07594892 0.04211636 0.02536543 0.01631716 0.01104246 0.007775614
3102.8 0.949993 0.901917 0.809174 0.76342 0.717369 0.67046 0.622079 0.57153 0.518027 0.398902 0.263668 0.142632 0.07326819 0.04062125 0.02448856 0.01576873 0.01068018 0.007525534
3126.4 0.950128 0.902166 0.809555 0.763803 0.717696 0.670656 0.622046 0.57114 0.517108 0.396215 0.258601 0.137663 0.07035028 0.0390221 0.0235564 0.01518718 0.01029647 0.007260825
3150.0 0.949551 0.901047 0.807378 0.76107 0.714358 0.666641 0.61725 0.565419 0.510276 0.386515 0.246572 0.1285 0.06551152 0.03646787 0.02209098 0.01428037 0.009701016 0.00685129
3173.6 0.948964 0.899912 0.805169 0.758294 0.710966 0.662557 0.612363 0.55958 0.503289 0.376586 0.234561 0.119857 0.06103949 0.03410546 0.02073036 0.01343545 0.009144647 0.00646781
3197.2 0.948653 0.899321 0.804105 0.757036 0.709547 0.661013 0.610741 0.557939 0.501712 0.375526 0.234606 0.120467 0.06148425 0.0343723 0.02089407 0.01354092 0.009215773 0.006517647
3220.8 0.94978 0.90147 0.808037 0.761743 0.714954 0.66704 0.617292 0.564892 0.508894 0.382244 0.238733 0.121627 0.0616871 0.03438587 0.02087327 0.01351727 0.009195539 0.006501446
3244.4 0.950254 0.90237 0.809639 0.763615 0.717033 0.669248 0.619531 0.567031 0.510751 0.382706 0.236805 0.119218 0.06023407 0.03356729 0.02038535 0.01320788 0.008988954 0.006357654
3268.0 0.950586 0.902996 0.810729 0.764864 0.718379 0.670615 0.620817 0.5681 0.511415 0.381721 0.233449 0.116062 0.05846909 0.03259801 0.01981396 0.01284765 0.008749259 0.006191189
3291.6 0.950885 0.90356 0.811704 0.765974 0.719562 0.671793 0.621889 0.568925 0.511798 0.380357 0.229707 0.11279 0.05668601 0.03162559 0.01924188 0.0124872 0.00850945 0.006024641
3315.2 0.951163 0.904083 0.812605 0.766993 0.720639 0.672849 0.622819 0.569587 0.511991 0.378719 0.225692 0.109479 0.05491817 0.03066611 0.01867799 0.01213192 0.008273031 0.005860403
3338.8 0.95143 0.904586 0.813467 0.767966 0.721661 0.673841 0.623676 0.570162 0.512077 0.376901 0.221505 0.106191 0.05319173 0.0297321 0.01812921 0.01178604 0.008042752 0.005700359
3362.4 0.95168 0.905056 0.814268 0.768863 0.722593 0.674729 0.624411 0.570594 0.511992 0.374825 0.217084 0.102898 0.05149078 0.02881482 0.01759043 0.01144635 0.007816505 0.005543053
3386.0 0.951927 0.90552 0.815059 0.769749 0.723512 0.675601 0.625128 0.571 0.511868 0.372646 0.212588 0.09968688 0.04985153 0.02793214 0.01707173 0.01111908 0.007598369 0.005391296
3409.6 0.952157 0.905952 0.81579 0.770561 0.724345 0.676372 0.625724 0.571264 0.51157 0.370196 0.207874 0.09648366 0.04823809 0.0270652 0.01656224 0.01079745 0.00738389 0.005242015
3433.2 0.952386 0.906382 0.816516 0.771369 0.725171 0.677135 0.62631 0.57151 0.511241 0.367648 0.203118 0.09337778 0.0466881 0.02623286 0.0160727 0.01048814 0.007177459 0.005098243
3456.8 0.952603 0.90679 0.817204 0.772128 0.72594 0.67783 0.626815 0.571658 0.510786 0.364884 0.198228 0.09032042 0.04517706 0.02542219 0.01559563 0.01018649 0.006976007 0.00495786
3480.4 0.952816 0.90719 0.817876 0.772869 0.726687 0.678498 0.627286 0.571761 0.510268 0.361977 0.193287 0.08734916 0.04371963 0.02464042 0.01513515 0.00989506 0.006781227 0.004822042
3504.0 0.953025 0.907581 0.818531 0.773588 0.727408 0.679135 0.627718 0.571811 0.509676 0.358911 0.188295 0.08445858 0.0423112 0.02388491 0.01468971 0.009612882 0.006592485 0.004690351
3527.6 0.953226 0.907959 0.819162 0.774278 0.728093 0.679728 0.628096 0.571793 0.508988 0.355655 0.183244 0.08164001 0.04094601 0.02315246 0.01425745 0.009338794 0.006409014 0.004562258
3551.2 0.953427 0.908335 0.819789 0.774963 0.728772 0.680314 0.628463 0.571754 0.508263 0.352284 0.178214 0.07892352 0.039636 0.0224491 0.01384185 0.009074998 0.006232282 0.004438789
3574.8 0.953617 0.90869 0.820378 0.775602 0.729396 0.680834 0.628749 0.571614 0.507404 0.348674 0.173126 0.07626872 0.03836169 0.02176462 0.01343699 0.008817781 0.006059829 0.004318237
3598.4 0.953806 0.909045 0.820965 0.776238 0.730016 0.681346 0.629023 0.571453 0.506505 0.344941 0.168088 0.07371478 0.03713926 0.02110729 0.01304768 0.008570171 0.005893675 0.00420201
3622.0 0.95399 0.90939 0.821534 0.776852 0.730609 0.681827 0.629257 0.571235 0.505522 0.341026 0.163067 0.07124081 0.0359582 0.02047154 0.01267068 0.008330142 0.005732476 0.004089177
3645.6 0.954171 0.909728 0.822091 0.77745 0.731183 0.682283 0.629457 0.570969 0.504463 0.33694 0.158089 0.06885045 0.03481919 0.01985768 0.01230618 0.008097823 0.005576327 0.003979807
3669.2 0.95435 0.910063 0.822642 0.778042 0.731748 0.682727 0.629639 0.570674 0.503352 0.332713 0.153189 0.0665518 0.03372512 0.0192672 0.01195508 0.007873797 0.005425623 0.003874183
3692.8 0.954522 0.910384 0.823166 0.7786 0.732272 0.68312 0.629758 0.570295 0.502123 0.328261 0.148323 0.06432089 0.03266453 0.01869404 0.01161384 0.00765584 0.005278886 0.003771275
3716.4 0.954693 0.910703 0.823688 0.779154 0.732792 0.683507 0.629865 0.569892 0.500844 0.323673 0.143564 0.0621799 0.03164682 0.01814315 0.01128538 0.007445813 0.005137368 0.003671962
3740.0 0.95486 0.911016 0.824197 0.779693 0.733291 0.683868 0.629936 0.569436 0.499479 0.3189 0.138885 0.06011249 0.03066407 0.01761033 0.01096724 0.007242171 0.005000039 0.003575527
3763.6 0.955025 0.911323 0.824696 0.780219 0.733775 0.684208 0.629978 0.568935 0.498037 0.313955 0.134305 0.05812043 0.02971672 0.01709582 0.01065961 0.007045033 0.004866986 0.003482037
3787.2 0.955189 0.911629 0.825191 0.780741 0.734253 0.684538 0.630004 0.568403 0.496535 0.308871 0.129851 0.05620902 0.02880691 0.01660081 0.01036319 0.006854878 0.00473854 0.003391725
3810.8 0.955346 0.911922 0.825663 0.781233 0.734694 0.684824 0.629971 0.56779 0.494912 0.303569 0.125482 0.05435872 0.02792548 0.01612042 0.01007514 0.006669896 0.004613491 0.003303749
3834.4 0.955502 0.912214 0.826133 0.781722 0.735131 0.685102 0.629924 0.567148 0.493227 0.298134 0.121249 0.05258438 0.02707902 0.01565821 0.009797577 0.006491454 0.004492763 0.003218759
3858.0 0.955656 0.912501 0.826592 0.782198 0.735551 0.685357 0.629846 0.566456 0.491455 0.29254 0.117137 0.05087635 0.02626296 0.01521177 0.009529094 0.006318667 0.004375767 0.003136347
3881.6 0.955806 0.912781 0.827039 0.782659 0.735952 0.685588 0.629731 0.565707 0.489585 0.28678 0.113143 0.04923046 0.02547526 0.01478002 0.00926908 0.006151153 0.004262254 0.003056339
3905.2 0.955956 0.91306 0.827484 0.783117 0.736348 0.68581 0.6296 0.564925 0.487646 0.280906 0.109289 0.04765194 0.02471828 0.0143643 0.009018352 0.005989449 0.004152589 0.002978996
3928.8 0.956102 0.913332 0.827915 0.783556 0.736721 0.686002 0.629427 0.564078 0.485595 0.27487 0.105549 0.04612831 0.02398619 0.01396148 0.00877506 0.00583238 0.004045986 0.002903769
3952.4 0.956246 0.9136 0.82834 0.783989 0.737085 0.68618 0.629232 0.563189 0.48346 0.268723 0.101941 0.04466453 0.02328128 0.01357285 0.008540004 0.005680469 0.003942803 0.002830912
3976.0 0.95639 0.913867 0.828762 0.784416 0.737441 0.686347 0.629015 0.562259 0.481241 0.262484 0.09846479 0.04325878 0.02260274 0.01319801 0.008312965 0.005533588 0.003842961 0.002760373
3999.6 0.95653 0.914127 0.82917 0.784827 0.737776 0.686484 0.628756 0.56126 0.478899 0.256115 0.095098 0.04190048 0.02194557 0.01283428 0.008092351 0.00539072 0.003745774 0.002691671
4023.2 0.956669 0.914386 0.829576 0.785234 0.738105 0.686612 0.62848 0.560222 0.476472 0.24969 0.09186283 0.04059701 0.02131333 0.01248365 0.007879383 0.005252663 0.003651789 0.002625193
4046.8 0.956806 0.91464 0.829973 0.785631 0.73842 0.68672 0.628171 0.559128 0.473938 0.243201 0.08874711 0.03934267 0.02070339 0.01214473 0.007673241 0.005118899 0.00356066 0.0025607
4070.4 0.956939 0.914888 0.830358 0.786011 0.738715 0.686802 0.627823 0.557968 0.47128 0.236654 0.08574371 0.03813384 0.02011408 0.01181665 0.007473419 0.00498911 0.003472175 0.002498044
4094.0 0.957072 0.915135 0.830741 0.786389 0.739006 0.686874 0.627456 0.556765 0.468527 0.230104 0.08286142 0.03697308 0.01954669 0.01150014 0.007280384 0.004863606 0.003386549 0.002437378
4117.6 0.957204 0.915379 0.831118 0.786758 0.739284 0.686927 0.627057 0.555503 0.465652 0.223538 0.0800845 0.03585369 0.01899806 0.01119351 0.007093125 0.00474174 0.003303346 0.002378398
4141.2 0.957334 0.91562 0.83149 0.787121 0.739553 0.686966 0.626632 0.554186 0.462661 0.216988 0.07741441 0.03477579 0.01846833 0.01089688 0.006911729 0.004623578 0.003222615 0.002321139
4164.8 0.957463 0.91586 0.831859 0.78748 0.739816 0.686995 0.626186 0.552822 0.459562 0.210491 0.07485348 0.03374001 0.01795791 0.01061051 0.006736377 0.004509245 0.003144446 0.002265668
4188.4 0.95759 0.916094 0.832217 0.787824 0.740059 0.686996 0.625696 0.551379 0.456311 0.204023 0.0723841 0.03273923 0.01746342 0.01033256 0.006565966 0.004398033 0.00306836 0.002211647
4212.0 0.957715 0.916326 0.83257 0.788161 0.740293 0.686981 0.625178 0.549878 0.452934 0.197635 0.07001328 0.031776 0.01698617 0.01006381 0.00640098 0.004290261 0.002994577 0.002159235
4235.6 0.957839 0.916557 0.83292 0.788496 0.740522 0.686957 0.624639 0.548325 0.449436 0.191353 0.06773971 0.03084971 0.01652597 0.009804169 0.006241384 0.004185917 0.002923093 0.00210843
4259.2 0.957961 0.916782 0.83326 0.788815 0.740731 0.686904 0.624053 0.546687 0.445769 0.185151 0.065547 0.02995384 0.01607968 0.009551928 0.006086147 0.004084333 0.002853455 0.002058912
4282.8 0.958082 0.917005 0.833596 0.78913 0.740934 0.68684 0.623442 0.544992 0.441969 0.179083 0.06344371 0.02909174 0.01564905 0.009308092 0.005935895 0.003985925 0.00278595 0.002010887
4306.4 0.958202 0.917227 0.83393 0.789442 0.74113 0.686764 0.622807 0.543236 0.438029 0.173157 0.06142565 0.02826182 0.01523336 0.009072297 0.005790421 0.003890564 0.002720493 0.001964297
4330.0 0.958319 0.917444 0.834253 0.78974 0.741307 0.686659 0.622124 0.541389 0.433908 0.167355 0.05948 0.02745899 0.01483019 0.0088432 0.005648911 0.003797722 0.002656726 0.001918888
4353.6 0.958436 0.91766 0.834574 0.790034 0.741479 0.686543 0.621416 0.53948 0.429639 0.161716 0.05761335 0.02668598 0.01444094 0.008621631 0.005511889 0.003707749 0.002594891 0.001874834
4377.2 0.958552 0.917874 0.834892 0.790324 0.741643 0.686415 0.62068 0.537502 0.425212 0.156243 0.05582101 0.02594102 0.01406483 0.008407167 0.005379105 0.003620487 0.002534882 0.001832061
4400.8 0.958666 0.918084 0.835201 0.790602 0.741791 0.68626 0.619898 0.53543 0.420591 0.150917 0.05409283 0.02522009 0.01369991 0.008198735 0.00524991 0.003535514 0.002476413 0.001790366
4424.4 0.958779 0.918293 0.835508 0.790876 0.741933 0.686094 0.619089 0.533286 0.415806 0.145768 0.05243386 0.02452539 0.01334734 0.007997023 0.005124736 0.003453119 0.002419683 0.001749894
4448.0 0.958891 0.9185 0.835812 0.791146 0.742068 0.685914 0.618248 0.531065 0.410847 0.140794 0.05083992 0.02385536 0.01300642 0.007801651 0.005003362 0.003373162 0.0023646 0.001710578
4471.6 0.959001 0.918703 0.836107 0.791405 0.742186 0.685707 0.617359 0.528741 0.405678 0.135975 0.04930246 0.02320661 0.0126755 0.007611705 0.004885229 0.00329528 0.002310916 0.001672244
