marxs/missions/lynx/data/metashelleff.dat
# %ECSV 0.9
# ---
# datatype:
# - {name: energy, datatype: float64}
# - {name: '1', datatype: float64}
# - {name: '2', datatype: float64}
# - {name: '3', datatype: float64}
# - {name: '4', datatype: float64}
# - {name: '5', datatype: float64}
# - {name: '6', datatype: float64}
# - {name: '7', datatype: float64}
# - {name: '8', datatype: float64}
# - {name: '9', datatype: float64}
# - {name: '10', datatype: float64}
# - {name: '11', datatype: float64}
# - {name: '12', datatype: float64}
# - {name: total, datatype: float64}
# meta: !!omap
# - {author: Hans Moritz Guenther}
# - {ORIGFILE: Output4Ralf.xlsx}
# - {origin: "\n-------- Forwarded Message --------\nSubject: \tRe: Lynx mirror parameters\nDate: \tTue, 14 Aug 2018 20:41:36 -0400\n\
#     From: \tWilliam W. Zhang <William.W.Zhang@nasa.gov>\nTo: \tRalf Heilmann <ralf@space.mit.edu>\n\n\nSee attachment. I think it has\
#     \ what you wanted.\n\n\n============================================================================================================\n\
#     William W. Zhang ||  Goddard Space Flight Center || Bldg 34 Rm S266 || Greenbelt, MD 20771 || (301) 286 6230\n============================================================================================================\n"}
# schema: astropy-2.0
energy 1 2 3 4 5 6 7 8 9 10 11 12 total
0.1 365.88 775.56 1220.64 1699.63 2209.78 2724.32 3154.95 3598.84 4119.65 4580.89 4964.06 5526.69 34940.89
0.11 365.36 773.8 1216.84 1692.89 2199.11 2708.81 3134.29 3572.17 4085.53 4538.96 4914.31 5466.39 34668.46
0.12 363.91 768.95 1206.37 1674.35 2169.83 2666.35 3077.85 3499.47 3992.73 4425.19 4779.65 5303.63 33928.28
0.13 361.4 760.54 1188.27 1642.39 2119.54 2593.67 2981.56 3375.86 3835.47 4233.06 4553.0 5030.62 32675.38
0.14 358.32 750.27 1166.28 1603.74 2058.98 2506.56 2866.67 3229.05 3649.57 4006.97 4287.51 4712.32 31196.24
0.15 354.89 738.92 1142.1 1561.48 1993.14 2412.36 2743.1 3072.02 3451.81 3767.79 4008.18 4379.3 29625.09
0.16 351.82 728.79 1120.64 1524.17 1935.34 2330.12 2635.82 2936.42 3282.0 3563.53 3770.96 4098.07 28277.68
0.17 349.35 720.67 1103.52 1494.55 1889.64 2265.41 2551.8 2830.74 3150.28 3405.87 3588.72 3883.06 27233.61
0.18 347.21 713.67 1088.81 1469.2 1850.7 2210.48 2480.75 2741.7 3039.74 3274.05 3436.93 3704.67 26357.91
0.19 345.09 706.77 1074.37 1444.39 1812.74 2157.14 2412.02 2655.9 2933.63 3148.01 3292.36 3535.44 25517.86
0.2 343.55 701.76 1063.91 1426.49 1785.44 2118.89 2362.89 2594.77 2858.27 3058.78 3190.35 3416.42 24921.52
0.21 342.28 697.66 1055.37 1411.92 1763.26 2087.9 2323.16 2545.46 2797.63 2987.15 3108.65 3321.33 24441.77
0.22 341.42 694.87 1049.58 1402.03 1748.24 2066.95 2296.37 2512.25 2756.86 2939.08 3053.9 3257.71 24119.26
0.23 340.8 692.87 1045.42 1394.96 1737.5 2051.98 2277.23 2488.55 2727.77 2904.78 3014.86 3212.34 23889.06
0.24 340.34 691.39 1042.35 1389.73 1729.57 2040.94 2263.11 2471.07 2706.33 2879.51 2986.09 3178.93 23719.36
0.25 340.4 691.58 1042.73 1390.38 1730.53 2042.24 2264.75 2473.04 2708.67 2882.17 2989.0 3182.15 23737.64
0.26 340.24 691.06 1041.65 1388.53 1727.71 2038.28 2259.64 2466.65 2700.75 2872.73 2978.11 3169.32 23674.67
0.27 339.93 690.07 1039.61 1385.04 1722.4 2030.87 2250.13 2454.83 2686.18 2855.48 2958.37 3146.25 23559.16
0.28 339.61 689.02 1037.41 1381.3 1716.73 2022.95 2239.98 2442.22 2670.66 2837.1 2937.36 3121.71 23436.05
0.29 339.29 687.99 1035.29 1377.68 1711.23 2015.27 2230.15 2430.01 2655.62 2819.31 2917.01 3097.95 23316.8
0.3 338.94 686.87 1032.97 1373.74 1705.25 2006.92 2219.46 2416.74 2639.3 2800.0 2894.94 3072.19 23187.32
0.31 338.51 685.49 1030.11 1368.88 1697.88 1996.65 2206.33 2400.48 2619.32 2776.41 2868.04 3040.88 23028.98
0.32 337.98 683.77 1026.54 1362.81 1688.69 1983.88 2190.04 2380.33 2594.63 2747.34 2834.98 3002.48 22833.47
0.33 337.51 682.27 1023.44 1357.56 1680.75 1972.84 2175.96 2362.94 2573.33 2722.27 2806.47 2969.39 22664.73
0.34 337.12 681.0 1020.82 1353.12 1674.03 1963.5 2164.05 2348.21 2555.29 2701.03 2782.31 2941.34 22521.82
0.35 336.79 679.95 1018.65 1349.43 1668.45 1955.75 2154.16 2335.98 2540.28 2683.35 2762.18 2917.93 22402.9
0.36 336.59 679.29 1017.29 1347.12 1664.95 1950.86 2147.91 2328.22 2530.73 2672.04 2749.23 2902.79 22327.02
0.37 336.44 678.83 1016.33 1345.48 1662.45 1947.37 2143.4 2322.59 2523.75 2663.71 2739.62 2891.46 22271.43
0.38 336.24 678.16 1014.95 1343.15 1658.91 1942.42 2137.07 2314.71 2514.03 2652.18 2726.4 2875.97 22194.19
0.39 336.03 677.49 1013.56 1340.78 1655.31 1937.41 2130.64 2306.73 2504.19 2640.52 2713.02 2860.3 22115.98
0.4 335.83 676.85 1012.24 1338.54 1651.92 1932.67 2124.57 2299.18 2494.87 2629.46 2700.34 2845.44 22041.91
0.41 335.66 676.32 1011.13 1336.65 1649.05 1928.66 2119.42 2292.76 2486.93 2620.01 2689.47 2832.66 21978.72
0.42 335.56 675.99 1010.45 1335.49 1647.27 1926.15 2116.17 2288.66 2481.82 2613.86 2682.31 2824.14 21937.87
0.43 335.59 676.1 1010.67 1335.83 1647.75 1926.76 2116.85 2289.38 2482.53 2614.47 2682.73 2824.28 21942.94
0.44 335.57 676.02 1010.5 1335.53 1647.26 1926.02 2115.82 2287.99 2480.65 2612.05 2679.71 2820.44 21927.56
0.45 335.49 675.75 1009.93 1334.54 1645.72 1923.84 2112.97 2284.36 2476.06 2606.45 2673.12 2812.5 21890.73
0.46 335.38 675.4 1009.2 1333.3 1643.83 1921.15 2109.47 2279.94 2470.51 2599.75 2665.28 2803.11 21846.32
0.47 335.26 675.02 1008.41 1331.94 1641.75 1918.21 2105.66 2275.13 2464.49 2592.49 2656.8 2793.0 21798.16
0.48 335.14 674.61 1007.57 1330.5 1639.54 1915.11 2101.63 2270.06 2458.14 2584.85 2647.9 2782.39 21747.44
0.49 335.01 674.21 1006.72 1329.06 1637.33 1911.99 2097.59 2264.97 2451.78 2577.18 2638.97 2771.74 21696.55
0.5 334.89 673.81 1005.9 1327.64 1635.17 1908.94 2093.64 2259.99 2445.54 2569.65 2630.19 2761.28 21646.64
0.51 334.77 673.43 1005.12 1326.3 1633.12 1906.04 2089.87 2255.23 2439.57 2562.45 2621.78 2751.23 21598.91
0.52 334.66 673.09 1004.41 1325.09 1631.25 1903.4 2086.43 2250.88 2434.09 2555.81 2613.99 2741.89 21554.99
0.53 334.58 672.81 1003.81 1324.06 1629.67 1901.15 2083.48 2247.12 2429.33 2550.01 2607.15 2733.63 21516.8
0.54 334.51 672.6 1003.38 1323.3 1628.48 1899.45 2081.23 2244.21 2425.61 2545.42 2601.66 2726.92 21486.77
0.55 334.51 672.58 1003.33 1323.2 1628.29 1899.11 2080.69 2243.41 2424.44 2543.79 2599.5 2724.03 21476.88
0.56 334.62 672.93 1004.02 1324.35 1629.97 1901.35 2083.42 2246.6 2428.09 2547.77 2603.64 2728.34 21505.1
0.57 334.84 673.64 1005.49 1326.78 1633.57 1906.23 2089.47 2253.83 2436.61 2557.36 2614.01 2739.7 21571.53
0.58 334.96 674.02 1006.26 1328.05 1635.42 1908.7 2092.45 2257.3 2440.55 2561.61 2618.37 2744.16 21601.85
0.59 335.04 674.25 1006.72 1328.8 1636.49 1910.07 2094.06 2259.08 2442.44 2563.47 2620.03 2745.5 21615.95
0.6 335.08 674.39 1006.98 1329.22 1637.07 1910.78 2094.82 2259.82 2443.07 2563.85 2620.01 2744.91 21620.0
0.61 335.1 674.46 1007.12 1329.42 1637.31 1911.01 2094.97 2259.8 2442.78 2563.15 2618.78 2742.91 21616.81
0.62 335.11 674.48 1007.15 1329.43 1637.27 1910.87 2094.65 2259.21 2441.78 2561.62 2616.6 2739.83 21608.0
0.63 335.11 674.46 1007.09 1329.31 1637.03 1910.44 2093.96 2258.16 2440.22 2559.43 2613.67 2735.87 21594.75
0.64 335.09 674.41 1006.97 1329.07 1636.62 1909.77 2092.97 2256.74 2438.21 2556.71 2610.13 2731.19 21577.88
0.65 335.07 674.33 1006.79 1328.75 1636.06 1908.91 2091.73 2255.01 2435.81 2553.53 2606.08 2725.93 21558.0
0.66 335.04 674.23 1006.57 1328.34 1635.4 1907.88 2090.29 2253.02 2433.11 2549.99 2601.61 2720.16 21535.64
0.67 335.0 674.11 1006.32 1327.88 1634.64 1906.73 2088.68 2250.83 2430.15 2546.14 2596.78 2713.98 21511.24
0.68 334.96 673.98 1006.03 1327.36 1633.79 1905.46 2086.92 2248.45 2426.95 2542.01 2591.64 2707.42 21484.97
0.69 334.92 673.83 1005.71 1326.79 1632.87 1904.08 2085.01 2245.9 2423.53 2537.62 2586.18 2700.5 21456.94
0.7 334.87 673.68 1005.37 1326.18 1631.89 1902.63 2083.01 2243.22 2419.97 2533.05 2580.52 2693.33 21427.72
0.71 334.82 673.51 1005.02 1325.55 1630.88 1901.12 2080.94 2240.45 2416.29 2528.34 2574.69 2685.95 21397.56
0.72 334.77 673.34 1004.65 1324.9 1629.84 1899.57 2078.82 2237.62 2412.52 2523.52 2568.73 2678.42 21366.7
0.73 334.72 673.17 1004.28 1324.24 1628.78 1898.0 2076.67 2234.74 2408.7 2518.63 2562.68 2670.78 21335.39
0.74 334.66 672.99 1003.91 1323.58 1627.71 1896.42 2074.49 2231.84 2404.84 2513.7 2556.58 2663.05 21303.77
0.75 334.61 672.82 1003.54 1322.91 1626.65 1894.83 2072.32 2228.94 2400.98 2508.75 2550.45 2655.29 21272.09
0.76 334.56 672.65 1003.17 1322.25 1625.58 1893.25 2070.14 2226.02 2397.09 2503.76 2544.27 2647.46 21240.2
0.77 334.51 672.48 1002.8 1321.6 1624.53 1891.68 2067.98 2223.12 2393.22 2498.79 2538.1 2639.63 21208.44
0.78 334.46 672.32 1002.45 1320.97 1623.52 1890.16 2065.88 2220.3 2389.44 2493.93 2532.04 2631.91 21177.38
0.79 334.41 672.16 1002.12 1320.38 1622.55 1888.71 2063.87 2217.58 2385.79 2489.19 2526.11 2624.34 21147.21
0.8 334.37 672.02 1001.82 1319.83 1621.66 1887.35 2061.97 2214.99 2382.28 2484.63 2520.38 2616.97 21118.27
0.81 334.33 671.9 1001.55 1319.33 1620.84 1886.1 2060.21 2212.57 2378.98 2480.3 2514.9 2609.88 21090.89
0.82 334.3 671.8 1001.33 1318.92 1620.15 1885.02 2058.67 2210.42 2376.0 2476.33 2509.82 2603.25 21066.01
0.83 334.29 671.73 1001.17 1318.62 1619.63 1884.18 2057.41 2208.62 2373.44 2472.85 2505.28 2597.23 21044.45
0.84 334.28 671.7 1001.09 1318.45 1619.29 1883.59 2056.49 2207.22 2371.36 2469.93 2501.36 2591.9 21026.66
0.85 334.28 671.72 1001.11 1318.43 1619.2 1883.34 2055.97 2206.32 2369.9 2467.73 2498.24 2587.49 21013.73
0.86 334.44 672.22 1002.11 1320.09 1621.62 1886.57 2059.89 2210.87 2375.06 2473.27 2503.87 2593.13 21053.14
0.87 334.92 673.74 1005.22 1325.29 1629.36 1897.11 2073.03 2226.69 2393.82 2494.54 2527.01 2618.62 21199.35
0.88 335.66 676.11 1010.09 1333.48 1641.59 1913.85 2094.01 2252.07 2424.13 2529.18 2565.06 2660.99 21436.22
0.89 335.44 675.4 1008.6 1330.9 1637.61 1908.19 2086.57 2242.58 2412.09 2514.45 2547.62 2639.84 21339.29
0.9 335.34 675.06 1007.88 1329.63 1635.6 1905.25 2082.62 2237.38 2405.29 2505.86 2537.12 2626.69 21283.72
0.91 335.3 674.95 1007.62 1329.16 1634.79 1903.98 2080.77 2234.78 2401.65 2500.98 2530.8 2618.36 21253.14
0.92 335.29 674.91 1007.53 1328.95 1634.39 1903.26 2079.64 2233.05 2399.07 2497.32 2525.86 2611.59 21230.86
0.93 335.31 674.95 1007.58 1328.99 1634.37 1903.08 2079.17 2232.14 2397.47 2494.8 2522.17 2606.23 21216.26
0.94 335.33 675.02 1007.71 1329.16 1634.52 1903.13 2079.0 2231.58 2396.29 2492.75 2519.01 2601.44 21204.94
0.95 335.36 675.08 1007.82 1329.3 1634.64 1903.14 2078.76 2230.93 2395.0 2490.56 2515.65 2596.41 21192.65
0.96 335.38 675.14 1007.92 1329.43 1634.73 1903.11 2078.48 2230.22 2393.62 2488.25 2512.15 2591.19 21179.62
0.97 335.4 675.21 1008.04 1329.57 1634.85 1903.11 2078.23 2229.55 2392.27 2485.97 2508.66 2585.94 21166.8
0.98 335.42 675.26 1008.12 1329.65 1634.88 1902.97 2077.8 2228.66 2390.65 2483.36 2504.78 2580.22 21151.77
0.99 335.44 675.31 1008.2 1329.73 1634.9 1902.84 2077.37 2227.75 2389.01 2480.7 2500.83 2574.4 21136.48
1.0 335.46 675.37 1008.29 1329.85 1634.97 1902.76 2077.01 2226.93 2387.45 2478.13 2496.96 2568.64 21121.82
1.01 335.47 675.42 1008.38 1329.93 1635.0 1902.63 2076.58 2226.01 2385.78 2475.41 2492.89 2562.63 21106.13
1.02 335.5 675.5 1008.52 1330.13 1635.19 1902.71 2076.42 2225.41 2384.48 2473.11 2489.28 2557.11 21093.36
1.03 335.54 675.62 1008.74 1330.44 1635.55 1903.04 2076.56 2225.18 2383.6 2471.29 2486.19 2552.13 21083.88
1.04 335.57 675.71 1008.9 1330.65 1635.76 1903.14 2076.41 2224.58 2382.28 2468.92 2482.45 2546.38 21070.75
1.05 335.6 675.8 1009.06 1330.86 1635.98 1903.25 2076.26 2223.99 2380.94 2466.52 2478.64 2540.52 21057.42
1.06 335.62 675.86 1009.16 1330.99 1636.05 1903.16 2075.86 2223.07 2379.19 2463.63 2474.26 2533.95 21040.8
1.07 335.65 675.92 1009.27 1331.1 1636.11 1903.06 2075.43 2222.1 2377.39 2460.64 2469.75 2527.21 21023.63
1.08 335.66 675.97 1009.34 1331.17 1636.1 1902.84 2074.86 2220.96 2375.34 2457.37 2464.89 2520.03 21004.53
1.09 335.68 676.0 1009.38 1331.18 1636.0 1902.51 2074.13 2219.61 2373.04 2453.77 2459.63 2512.35 20983.28
1.1 335.69 676.04 1009.43 1331.2 1635.92 1902.19 2073.42 2218.27 2370.74 2450.16 2454.34 2504.6 20962.0
1.11 335.69 676.05 1009.42 1331.12 1635.68 1901.65 2072.42 2216.58 2368.0 2446.01 2448.42 2496.08 20937.12
1.12 335.7 676.06 1009.43 1331.07 1635.48 1901.17 2071.5 2214.97 2365.34 2441.94 2442.55 2487.59 20912.8
1.13 335.7 676.05 1009.38 1330.94 1635.16 1900.51 2070.33 2213.05 2362.3 2437.4 2436.13 2478.42 20885.37
1.14 335.7 676.05 1009.35 1330.81 1634.84 1899.86 2069.18 2211.14 2359.25 2432.84 2429.65 2469.14 20857.81
1.15 335.7 676.03 1009.28 1330.64 1634.45 1899.11 2067.89 2209.05 2355.97 2427.98 2422.82 2459.41 20828.33
1.16 335.7 676.01 1009.21 1330.44 1634.04 1898.31 2066.54 2206.88 2352.58 2422.97 2415.78 2449.4 20797.86
1.17 335.69 675.98 1009.12 1330.23 1633.59 1897.47 2065.12 2204.63 2349.06 2417.8 2408.53 2439.1 20766.32
1.18 335.68 675.94 1009.01 1329.98 1633.08 1896.53 2063.58 2202.21 2345.34 2412.37 2400.94 2428.37 20733.03
1.19 335.67 675.9 1008.9 1329.73 1632.57 1895.59 2062.03 2199.77 2341.57 2406.86 2393.24 2417.46 20699.29
1.2 335.66 675.85 1008.76 1329.43 1631.98 1894.54 2060.33 2197.12 2337.54 2401.02 2385.14 2406.04 20663.41
1.21 335.65 675.8 1008.63 1329.14 1631.4 1893.51 2058.65 2194.51 2333.54 2395.17 2377.0 2394.53 20627.53
1.22 335.63 675.74 1008.47 1328.79 1630.74 1892.35 2056.81 2191.67 2329.24 2388.98 2368.43 2382.46 20589.31
1.23 335.62 675.68 1008.32 1328.47 1630.12 1891.24 2055.02 2188.9 2325.01 2382.83 2359.88 2370.36 20551.45
1.24 335.6 675.62 1008.16 1328.12 1629.45 1890.06 2053.14 2186.0 2320.6 2376.45 2351.01 2357.84 20512.05
1.25 335.58 675.56 1008.02 1327.81 1628.83 1888.96 2051.34 2183.2 2316.3 2370.16 2342.22 2345.35 20473.33
1.26 335.57 675.5 1007.85 1327.46 1628.16 1887.77 2049.43 2180.24 2311.79 2363.6 2333.08 2332.38 20432.83
1.27 335.56 675.45 1007.71 1327.15 1627.54 1886.65 2047.6 2177.37 2307.37 2357.12 2323.99 2319.42 20392.93
1.28 335.54 675.38 1007.55 1326.78 1626.84 1885.42 2045.62 2174.31 2302.69 2350.3 2314.46 2305.87 20350.76
1.29 335.52 675.32 1007.4 1326.45 1626.19 1884.25 2043.72 2171.32 2298.08 2343.53 2304.94 2292.26 20308.98
1.3 335.5 675.24 1007.2 1326.04 1625.41 1882.89 2041.56 2168.01 2293.05 2336.25 2294.79 2277.87 20263.81
1.31 335.48 675.17 1007.01 1325.63 1624.64 1881.54 2039.41 2164.7 2288.01 2328.91 2284.54 2263.27 20218.31
1.32 335.46 675.07 1006.77 1325.16 1623.76 1880.05 2037.06 2161.13 2282.63 2321.14 2273.74 2247.98 20169.95
1.33 335.43 674.98 1006.54 1324.68 1622.87 1878.53 2034.68 2157.5 2277.15 2313.23 2262.74 2232.37 20120.7
1.34 335.4 674.87 1006.28 1324.15 1621.92 1876.91 2032.16 2153.69 2271.43 2304.99 2251.32 2216.19 20069.31
1.35 335.37 674.75 1006.0 1323.6 1620.91 1875.22 2029.54 2149.75 2265.53 2296.51 2239.56 2199.55 20016.29
1.36 335.33 674.63 1005.71 1323.03 1619.88 1873.48 2026.86 2145.71 2259.48 2287.81 2227.51 2182.49 19961.92
1.37 335.29 674.49 1005.4 1322.4 1618.76 1871.62 2024.01 2141.45 2253.14 2278.74 2214.98 2164.78 19905.06
1.38 335.26 674.36 1005.08 1321.79 1617.66 1869.78 2021.17 2137.19 2246.78 2269.6 2202.31 2146.82 19847.8
1.39 335.21 674.2 1004.72 1321.09 1616.41 1867.74 2018.07 2132.59 2239.97 2259.9 2188.94 2127.97 19786.81
1.4 335.17 674.06 1004.39 1320.42 1615.23 1865.78 2015.06 2128.09 2233.27 2250.28 2175.6 2109.04 19726.39
1.41 335.12 673.88 1003.98 1319.64 1613.87 1863.55 2011.71 2123.15 2225.98 2239.94 2161.38 2089.01 19661.21
1.42 335.07 673.71 1003.59 1318.9 1612.55 1861.4 2008.43 2118.28 2218.77 2229.63 2147.13 2068.83 19596.29
1.43 335.01 673.53 1003.17 1318.08 1611.12 1859.07 2004.93 2113.12 2211.17 2218.82 2132.24 2047.82 19528.08
1.44 334.96 673.34 1002.73 1317.25 1609.68 1856.72 2001.38 2107.89 2203.45 2207.83 2117.07 2026.37 19458.67
1.45 334.9 673.14 1002.29 1316.39 1608.19 1854.31 1997.75 2102.53 2195.55 2196.57 2101.52 2004.36 19387.5
1.46 334.84 672.93 1001.81 1315.49 1606.62 1851.76 1993.94 2096.94 2187.32 2184.88 2085.4 1981.59 19313.52
1.47 334.78 672.73 1001.35 1314.61 1605.08 1849.27 1990.18 2091.38 2179.11 2173.15 2069.17 1958.55 19239.36
1.48 334.71 672.49 1000.83 1313.61 1603.38 1846.53 1986.09 2085.4 2170.35 2160.72 2052.05 1934.37 19160.53
1.49 334.65 672.27 1000.32 1312.66 1601.72 1843.85 1982.07 2079.49 2161.63 2148.29 2034.84 1909.95 19081.74
1.5 334.58 672.04 999.79 1311.65 1599.98 1841.05 1977.89 2073.35 2152.59 2135.4 2017.01 1884.68 19000.01
1.51 334.51 671.8 999.26 1310.64 1598.23 1838.23 1973.66 2067.13 2143.42 2122.3 1998.85 1858.87 18916.9
1.52 334.44 671.56 998.71 1309.6 1596.45 1835.35 1969.34 2060.78 2134.04 2108.9 1980.24 1832.4 18831.81
1.53 334.36 671.28 998.1 1308.45 1594.48 1832.21 1964.68 2053.97 2124.07 2094.72 1960.66 1804.66 18741.64
1.54 334.28 671.02 997.51 1307.34 1592.56 1829.12 1960.07 2047.22 2114.12 2080.51 1940.92 1776.58 18651.25
1.55 334.19 670.72 996.84 1306.08 1590.43 1825.73 1955.05 2039.92 2103.45 2065.38 1920.03 1747.05 18554.87
1.56 334.1 670.42 996.16 1304.81 1588.28 1822.31 1949.99 2032.54 2092.64 2050.0 1898.75 1716.9 18456.9
1.57 334.01 670.1 995.46 1303.51 1586.06 1818.79 1944.78 2024.96 2081.54 2034.2 1876.87 1685.91 18356.19
1.58 333.91 669.76 994.71 1302.1 1583.68 1815.03 1939.24 2016.94 2069.84 2017.62 1853.98 1653.61 18250.42
1.59 333.81 669.43 993.96 1300.72 1581.34 1811.31 1933.75 2008.95 2058.13 2000.94 1830.85 1620.86 18144.05
