marxs/missions/mitsnl/data/Si_efficiency_5_7_widebars.ecsv
# %ECSV 1.0
# ---
# datatype:
# - {name: lambda, unit: Angstrom, datatype: float64}
# - {name: theta, unit: deg, datatype: float64}
# - {name: '8', datatype: float64}
# - {name: '7', datatype: float64}
# - {name: '6', datatype: float64}
# - {name: '5', datatype: float64}
# - {name: '4', datatype: float64}
# - {name: '3', datatype: float64}
# - {name: '2', datatype: float64}
# - {name: '1', datatype: float64}
# - {name: '0', datatype: float64}
# - {name: '-1', datatype: float64}
# - {name: '-2', datatype: float64}
# - {name: '-3', datatype: float64}
# - {name: '-4', datatype: float64}
# - {name: '-5', datatype: float64}
# - {name: '-6', datatype: float64}
# - {name: '-7', datatype: float64}
# - {name: '-8', datatype: float64}
# - {name: '-9', datatype: float64}
# - {name: '-10', datatype: float64}
# - {name: '-11', datatype: float64}
# - {name: '-12', datatype: float64}
# - {name: '-13', datatype: float64}
# - {name: '-14', datatype: float64}
# - {name: '-15', datatype: float64}
# - {name: '-16', datatype: float64}
# - {name: '-17', datatype: float64}
# - {name: '-18', datatype: float64}
# - {name: '-19', datatype: float64}
# - {name: '-20', datatype: float64}
# - {name: '-21', datatype: float64}
# - {name: '-22', datatype: float64}
# - {name: '-23', datatype: float64}
# - {name: '-24', datatype: float64}
# - {name: '-25', datatype: float64}
# meta: !!omap
# - {ORIGFILE: Si_5.7um_deep_30pct_dc_extended!select lambdas}
# - {author: converted by Hans Moritz Guenther}
# - {origin: Ralf Heilmann}
# - {comment: 'From: Ralf Heilmann <ralf@space.mit.edu>; Subject: 5.7 um deep, 60 nm wide grating bars; 10/19/22'}
# - depth: !astropy.units.Quantity
#     unit: !astropy.units.Unit {unit: mu}
#     value: 5.7
# - barwidth: !astropy.units.Quantity
#     unit: !astropy.units.Unit {unit: nm}
#     value: 60.0
# - {coating: Si}
# schema: astropy-2.0
lambda theta 8 7 6 5 4 3 2 1 0 -1 -2 -3 -4 -5 -6 -7 -8 -9 -10 -11 -12 -13 -14 -15 -16 -17 -18 -19 -20 -21 -22 -23 -24 -25
[from data line 42]
15.0 1.6 4.59e-06 3.66e-05 8.49e-05 0.000440751381 0.00241254504 0.00496282248 0.000315669561 0.00622209799 0.0299552079 0.0185084358 0.00286745194 0.00585524586 0.00416804248 0.000283081961 0.000284090362 0.275151914 0.208918646 0.00838834427 0.00499248081 0.00181092811 0.000177211622 4.72e-05 4.62e-05 8.45e-06 1.39e-05 6.21e-06 1.64e-06 2.61e-06 1.54e-07 9.17e-07 2.66e-07 3.3e-07 3.11e-07 4.8e-08
15.0 1.65 9.62e-06 2.72e-05 0.000112301561 0.000329177747 0.00242464317 0.00689087236 0.0042324592 0.0109875967 0.0337685942 0.0142388451 0.0014144612 0.0014064998 0.000284265159 0.00395803741 0.00519075814 0.172982041 0.274084567 0.0185261505 0.00594728911 0.00164393667 0.000270100991 0.000121315438 3.21e-05 1.76e-05 1.41e-05 4.08e-06 3.11e-06 2.33e-07 1.65e-06 1.01e-06 8.34e-07 3.32e-08 3.57e-07 5.97e-07
15.0 1.7 1.7e-05 8.3e-06 2.68e-05 6.37e-05 0.00148795525 0.00786223742 0.00972354757 0.0167816595 0.0258171356 0.00998992484 0.0024580565 0.00102698267 0.00172033442 0.0091284605 0.00990681877 0.0842002749 0.309691875 0.0459162347 0.00410839181 0.000619328183 0.00024964551 9.1e-05 2.61e-05 7.92e-06 6.52e-06 4.54e-06 4.39e-06 7.38e-07 1.71e-06 1.26e-06 6.72e-07 3.95e-07 3.9e-07 4.82e-08
15.0 1.75 8.66e-06 2.04e-05 1.82e-05 2.53e-05 0.00102864299 0.00670299978 0.0114639176 0.0156466272 0.0137532913 0.0134237653 0.00724524346 0.00429215316 0.0051436128 0.0113655603 0.00937012384 0.0285171581 0.304758165 0.0846438319 0.00125820618 3.51e-05 0.000157240362 3.4e-05 1.66e-05 4.37e-06 8.38e-07 6.33e-06 1.03e-06 2.1e-06 3.57e-08 6.22e-08 2.4e-07 2.24e-07 1.26e-07 2.19e-07
15.0 1.8 1.21e-05 1.21e-05 5.99e-05 3.51e-05 0.00133233919 0.00610715947 0.00904841816 0.00777704567 0.0102230027 0.0238157045 0.0119546004 0.00711698837 0.00621241498 0.0085247028 0.00489503196 0.00680833511 0.260817711 0.124225896 0.0038926726 0.000436862231 7.43e-05 2.34e-06 7.87e-06 7.1e-06 2.22e-05 3.36e-06 2.07e-07 2.96e-06 2.01e-06 1.79e-07 1.13e-06 5.48e-07 1.38e-07 2.04e-07
15.0 1.85 6.65e-06 5.24e-06 1.93e-05 1.51e-05 0.00137707776 0.00775891551 0.00743628768 0.000893736588 0.0199353896 0.0314100324 0.0117074471 0.00632585186 0.00387571301 0.00299079157 0.000765698441 0.00746472872 0.191374125 0.155632752 0.0173835038 0.00131968335 4.62e-05 8.17e-05 7.36e-06 1.3e-05 3.56e-05 1.07e-06 3.54e-06 1.82e-06 1.18e-06 9.43e-07 2.03e-06 5.76e-07 4.37e-08 5.22e-07
15.0 1.9 1.03e-05 5.4e-05 2.64e-05 0.000179529461 0.000864908924 0.00952749027 0.00999974667 0.000951167551 0.0341559401 0.0280544735 0.00720443639 0.00288497874 0.00099749698 0.000113620864 0.0011055972 0.0165452483 0.117005559 0.173803716 0.0382627437 0.00250108257 3.82e-05 0.000180096507 3.84e-05 4.77e-05 5.09e-06 9.97e-08 1.31e-05 6.71e-06 3.08e-08 3.75e-07 8.86e-07 2.86e-07 1.77e-07 4.38e-07
15.0 1.95 2.64e-05 5.13e-05 6.05e-05 0.000282366861 0.000357122652 0.00966236211 0.0146368174 0.00513733298 0.0392139622 0.0165436411 0.00451967324 0.000285608782 0.00105277469 0.00322298608 0.00654787885 0.02429768 0.0572290873 0.176665454 0.0560420097 0.00497751917 3.5e-05 7.95e-05 7.11e-05 3.53e-05 5.6e-06 2.26e-06 3.1e-06 8.14e-07 1.97e-07 1.07e-06 2.5e-06 1.8e-07 2.82e-07 5.87e-07
15.0 2.0 1.16e-05 4.2e-05 2.9e-05 0.000184131131 0.000193150844 0.00908996002 0.0168795302 0.00598919614 0.0307217792 0.00733635703 0.00771032146 0.000372868408 0.00453137613 0.0101032442 0.0128790302 0.0258354102 0.0221547585 0.163935519 0.0637500393 0.00987691846 0.000472309449 0.000150678689 5.07e-05 1.14e-05 2.48e-06 1.04e-05 1.97e-06 8.18e-07 1.55e-06 7.89e-07 2.63e-07 2.46e-07 1.16e-07 1.57e-07
15.0 2.05 1.07e-05 4.54e-05 6.04e-05 0.000168544101 0.000156364566 0.00966506597 0.0153449254 0.0023293406 0.019496215 0.00739014988 0.0137656349 0.00173950568 0.00876658257 0.0150953171 0.0143688121 0.019991319 0.00974265615 0.136959837 0.0633838469 0.016633823 0.00188233793 0.000529750091 1.74e-05 1.16e-05 2.06e-05 1.05e-05 3.94e-06 8.43e-07 1.57e-06 3.3e-07 3.07e-07 4.16e-07 5.58e-07 7.74e-08
15.0 2.1 4.93e-06 1.02e-05 0.00012466109 0.000223380154 2.44e-05 0.0111692459 0.0141369599 0.00265147721 0.0225705983 0.0137418882 0.0160064242 0.00209495547 0.0106211086 0.0143837439 0.00949108661 0.0098223979 0.0105966922 0.0995190855 0.0608706011 0.022337254 0.00349287136 0.00054440306 1.28e-05 3.08e-06 5.31e-05 2.75e-06 3.89e-06 8.9e-06 2.54e-06 8.24e-07 2.45e-06 1.6e-06 1.36e-07 4.35e-07
15.0 2.15 6.27e-06 1.52e-05 6.86e-05 0.000152197477 6.33e-05 0.0108162097 0.0179410657 0.0140795729 0.0455612298 0.0173796509 0.0115388566 0.00119723971 0.00900421995 0.00901913793 0.00283670671 0.00184258809 0.0154632366 0.0592440347 0.059803559 0.0233473086 0.00409776607 0.000185769705 6.43e-05 3.71e-06 2.37e-05 1.99e-05 1e-06 2.72e-06 4.39e-06 3.06e-07 4.02e-07 9.19e-07 5.22e-07 4.11e-08
15.0 2.2 2.79e-05 6.96e-05 9.34e-06 4.8e-05 0.00034525498 0.00831137151 0.0243900378 0.0305740014 0.074115677 0.012961476 0.00426033188 0.000752904865 0.00534743042 0.00342702797 0.000691576083 0.00127116727 0.0193465172 0.0266576193 0.0609467793 0.018540014 0.00409561695 9.05e-05 0.000107317169 5.62e-05 2.03e-05 2.16e-05 4.19e-06 6.98e-06 1.76e-06 2.92e-07 3.22e-06 2.18e-06 1.01e-07 8.9e-07
15.0 2.25 1.09e-05 4.87e-05 3.53e-05 0.000114330475 0.000455640022 0.00645310632 0.0266731038 0.0384975408 0.0864441306 0.00441521741 0.000231096817 0.0015436231 0.00211034407 0.00145599122 0.00474072102 0.00692221268 0.0206765449 0.0100950037 0.0634668531 0.0110227195 0.00458856774 0.000481365598 0.000144422681 9.52e-05 3.44e-05 6.38e-06 1.23e-05 9.6e-06 5.7e-07 1.35e-06 1.41e-06 7.16e-09 6.28e-08 6.09e-08
15.0 2.3 1.62e-06 2.12e-05 2.81e-05 0.000171126896 0.00033484806 0.00603283924 0.0242874321 0.0341289644 0.0749167123 3.13e-05 0.000821884171 0.00202716 0.00100605034 0.00344315726 0.0104809756 0.0120341698 0.0193024618 0.00964002034 0.0636462115 0.00537810218 0.00546510751 0.00116990241 0.000266108198 3.49e-05 1.58e-05 6.78e-06 4.43e-06 2.51e-07 9.72e-07 1.42e-06 9.88e-07 2.13e-07 6.13e-07 8.57e-07
15.0 2.35 4.97e-06 1.78e-05 5.38e-05 9.31e-05 0.000367527176 0.00516933565 0.0242339447 0.0294326469 0.0557491292 0.00255650919 0.00205153017 0.00100531037 0.00243162263 0.00646394577 0.0121057319 0.011425353 0.0160348539 0.0160857138 0.0555667434 0.00321637408 0.0057034891 0.00169146166 0.000281327437 6.97e-05 3.96e-05 2.29e-05 4.32e-06 1.08e-06 1.76e-06 1.55e-06 1.49e-06 1.24e-06 3.38e-07 4.07e-08
15.0 2.4 7.84e-06 4.89e-06 0.00013729115 0.000106414713 0.000520230896 0.00322687115 0.029070247 0.0369553674 0.0557954071 0.0061894016 0.000967572268 6e-05 0.00531927617 0.00729516942 0.00846133284 0.00648874963 0.0122174134 0.0184975455 0.0375129032 0.00377389875 0.00489821265 0.00145989441 9.62e-05 0.000123075816 2.47e-05 6.42e-05 7.05e-06 7.24e-06 5.04e-06 2.69e-06 7.5e-07 2.02e-07 1e-06 2.96e-07
15.0 2.45 2.17e-05 8.32e-06 0.000117017966 0.000148851115 0.000515013213 0.00191396868 0.0313254597 0.0537594582 0.0845658861 0.00474965938 7.15e-05 0.00126146755 0.00736653978 0.00526372063 0.00332808971 0.00208625742 0.00875080038 0.0137307185 0.0167368196 0.00740490357 0.00360201981 0.000754481155 0.00015234102 0.000111833119 4.13e-05 2.1e-05 4.46e-06 8.05e-06 4.07e-06 3.06e-07 7.59e-07 2.43e-06 1.52e-07 3.96e-07
15.0 2.5 1.17e-05 1.28e-05 8.56e-05 8.78e-05 0.000307516228 0.00185167914 0.0267780868 0.0656730384 0.120511323 0.0013748546 0.00315048476 0.00353179964 0.00669881901 0.00227287326 0.000421411404 0.000544838706 0.00599940883 0.00703692232 0.0036322879 0.0143010662 0.00248340665 0.00175422308 0.00043793733 0.000135558407 6.36e-05 5.19e-07 1.04e-06 1.49e-06 8.15e-07 4.17e-07 2.6e-06 7.24e-08 3.16e-07 2.65e-07
15.0 2.55 1.36e-06 7.78e-06 0.000114057697 1.99e-05 0.000133105808 0.0017160051 0.0225260815 0.0668274949 0.131821329 0.00587621114 0.0087815512 0.00398574118 0.003838905 0.000508534699 6.79e-05 0.000653245785 0.00422501404 0.00384062956 0.00130923349 0.0212326104 0.00186743594 0.00447411726 0.000655980753 4.12e-05 8.9e-06 4.96e-06 4.44e-06 1.25e-05 1.25e-06 2.61e-06 2.51e-08 8.57e-07 2.09e-07 5.98e-07
15.0 2.6 5.11e-06 6.54e-06 8.65e-05 2.53e-05 0.000157605384 0.00115222453 0.02361953 0.0665317559 0.111718726 0.0208124431 0.0115431714 0.00240131445 0.00123263951 0.000491381275 0.000537656538 0.000772058501 0.00339735016 0.00401314129 0.00421131411 0.0236524776 0.00182004949 0.00470448899 0.000802609846 1.17e-05 1.19e-06 1.51e-05 1.94e-06 7.28e-06 9.21e-07 4.29e-07 1.78e-06 6.05e-07 4.64e-08 1.74e-07
15.0 2.65 4.2e-06 6.83e-06 6.12e-05 3.21e-05 0.000146737032 0.000940090289 0.0260846674 0.0731666811 0.0843221265 0.0353511712 0.00965793429 0.00169208095 0.000528767479 0.00119237279 0.000635593386 0.000586076832 0.00296625496 0.00441103923 0.00595589852 0.0202440359 0.00234128283 0.00176368393 0.000283126248 6.62e-05 1.31e-05 6.44e-06 6.7e-07 1.57e-06 1.08e-08 3.88e-07 7.83e-07 1.86e-07 1.8e-07 4.89e-07
15.0 2.7 6.8e-06 1.95e-06 8.22e-05 2.17e-05 8.56e-05 0.000931887402 0.0254084022 0.0842643589 0.0734084003 0.0378293314 0.00745605837 0.00348552348 0.00105973907 0.00148986508 0.000384579859 0.000421232524 0.00239645364 0.00352644227 0.0049321003 0.0136165431 0.00338901167 9.84e-05 0.000335664716 0.000186121861 3.72e-05 4.29e-07 1.41e-06 7.07e-06 1.12e-06 1.27e-06 4.35e-07 9.75e-07 2.04e-08 1.17e-07
15.0 2.75 5.7e-06 2.17e-06 8.7e-05 2.28e-05 6.97e-05 0.000967772016 0.022396072 0.095560122 0.0785908034 0.0313810557 0.00917359775 0.00562479979 0.00113520511 0.00109966328 0.000174960848 0.000300284577 0.00150891504 0.00209855219 0.00294360724 0.00743877352 0.00469366448 0.00108869891 0.00305084922 0.000554224012 6.89e-06 2.73e-06 6.78e-06 7.63e-06 2.61e-07 4e-07 1.34e-06 2.13e-07 2.56e-08 3.71e-07
15.0 2.8 6.41e-06 8.51e-06 8.7e-05 1.65e-05 7.26e-05 0.00103477499 0.0203590483 0.106467957 0.0863661357 0.0307032692 0.0137531882 0.00563509577 0.000435805103 0.000477289118 9.77e-05 7.69e-05 0.000571416247 0.00122515469 0.00160252675 0.0036551828 0.00563460953 0.00181611739 0.00466078289 0.000617247518 0.000170719498 1.8e-05 9.35e-07 1.55e-06 2.95e-06 1.25e-06 3.18e-07 2.24e-06 2.3e-07 2.39e-07
15.0 2.85 1.23e-05 1.7e-05 5.18e-05 1.4e-05 0.000153889731 0.00096416948 0.0193519504 0.115830242 0.0886525176 0.0432342377 0.0167662204 0.0046309353 0.000318538269 0.000112985315 7.01e-05 4.41e-05 0.00018333981 0.000980092051 0.000992004368 0.00191448087 0.00557560126 0.000761599392 0.00191524794 0.000271166981 0.000232585472 9.36e-06 8.07e-07 1.08e-05 4.21e-06 4.73e-07 1.53e-06 8.77e-08 6.24e-08 5.18e-07
15.0 2.9 1.31e-05 1.67e-05 1.22e-05 2.96e-05 0.000251850634 0.000796698867 0.0173556265 0.118737614 0.0848646111 0.0597781349 0.0158316871 0.00526284446 0.00133362869 3.1e-05 0.000153412178 0.000525242454 0.000404251895 0.000627423465 0.000610847106 0.000917341495 0.00473469616 0.00019380768 0.00235441506 4.59e-05 6.57e-05 9.12e-06 1.66e-06 9.04e-06 1.75e-06 9.05e-07 7.14e-07 2.3e-06 3.11e-07 8.07e-08
15.0 2.95 6.21e-06 1.11e-05 1.26e-05 7.06e-05 0.000355458039 0.000573747856 0.0149164026 0.113343718 0.0750643298 0.0671309175 0.0140612001 0.00725020167 0.00199774313 9.51e-05 0.000414083361 0.000992398426 0.000473075935 0.000125908071 0.000445064002 0.000164821197 0.00412693846 0.00249245954 0.0126089297 0.000644057398 6.87e-05 6.42e-05 1.06e-05 1.68e-05 4.92e-06 2.17e-06 3.21e-06 4.46e-07 5.07e-07 1.07e-06
15.0 3.0 2.23e-07 9.13e-06 6.65e-05 0.000136319881 0.000420590794 0.000516759001 0.011937479 0.10775227 0.0617052044 0.0661794001 0.0167337823 0.00776054588 0.00139736538 0.000449873497 0.000669178587 0.000786832781 0.000137119099 0.000244283632 0.000499396743 0.000163652972 0.00410507663 0.0050315292 0.0221146985 0.00247138139 0.000456188359 6.91e-05 4.64e-05 4e-05 1.05e-05 3.54e-06 1.97e-06 1.94e-06 1.12e-06 3.71e-07
15.0 3.05 6.14e-06 1.51e-05 0.000156466376 0.000171458666 0.000457153183 0.000639312984 0.00848155167 0.107394731 0.0557688862 0.0682676518 0.0232004083 0.00643543573 0.00118336233 0.00106660747 0.000752174453 0.000465205931 0.000129307446 0.000812493932 0.000373634009 0.0010829782 0.00368097884 0.00390857444 0.0172823829 0.00313447468 0.000357564655 2.07e-05 0.000114716131 1.41e-06 2.41e-05 6.88e-06 2.82e-06 2.17e-06 2.19e-06 1.16e-06
15.0 3.1 1.18e-05 2.22e-05 0.000179718679 0.000130940478 0.000460933146 0.000799296534 0.00566866961 0.107419466 0.0631442988 0.0773372239 0.026723534 0.00627687267 0.00235771618 0.00129526303 0.000867455165 0.000786449595 0.000549974709 0.000804699046 0.000167544728 0.00187184917 0.00218708086 0.00128536411 0.00523116194 0.000736195438 3.67e-05 5.95e-05 2.59e-05 1.93e-05 1.78e-06 4e-06 4.67e-07 1.51e-06 7.8e-07 7.74e-07
15.0 3.15 1.32e-05 2.51e-05 0.000142932094 9.58e-05 0.000399049129 0.00108214441 0.00352886362 0.100300753 0.0728660193 0.0887809019 0.0248545037 0.00817946937 0.00289658717 0.000855070132 0.00114479869 0.00110453725 0.000579417021 0.000264495001 0.00033480238 0.00152707863 0.000645973667 0.00085711818 0.00108269571 0.0015911727 0.000888386627 0.0001006291 4.16e-05 7.73e-06 1.28e-05 3.69e-06 3.4e-06 3.04e-06 5.11e-07 1.31e-07
15.0 3.2 7.66e-06 2.41e-05 7.6e-05 4.08e-05 0.000301927225 0.00154690407 0.00211958035 0.0842608491 0.0749501799 0.0998967941 0.0237511861 0.00968297105 0.00185187201 0.00043994782 0.00123243393 0.000719624057 0.000180229189 6.73e-05 0.000613178856 0.000618651948 5.76e-05 0.00159624452 0.00396188846 0.0076729565 0.000857038944 0.00110502411 8.7e-05 5.64e-05 1.04e-05 3.28e-06 9.31e-07 8.25e-07 1.4e-06 1.21e-06
15.0 3.25 7.09e-07 1.95e-05 1.28e-05 7.41e-06 0.00012308888 0.00180578615 0.00106181867 0.0694242516 0.0722707106 0.110533692 0.0279398415 0.00954860407 0.00128251807 0.000436721243 0.000884760083 0.000208217588 4.32e-08 0.000210989356 0.000441239333 9.93e-05 3.37e-05 0.00161943553 0.00414374032 0.00759149544 0.00046134219 0.00139458309 9.69e-05 5.46e-06 2.87e-05 4.09e-06 7.59e-06 4.02e-06 6.31e-07 1.07e-06
15.0 3.3 1.3e-06 1.22e-05 1.1e-06 1.18e-05 2.86e-05 0.00191879028 0.000399999534 0.0603619371 0.0741650712 0.118057427 0.0314714055 0.00906937002 0.00206100674 0.000391081965 0.00034965608 9.37e-05 5.72e-05 0.000138703947 7.19e-05 4.47e-06 4.55e-05 0.00101022628 0.00109875818 0.00151614454 0.000329877866 0.000106239631 0.000136987449 2.38e-05 4.49e-07 8.12e-07 7.32e-07 1.46e-07 7.26e-07 3.01e-07
15.0 3.35 7.79e-06 8.43e-06 1.88e-05 4.66e-05 3.26e-06 0.00190687821 0.000138781629 0.0504641584 0.0846705628 0.117331306 0.0280433087 0.00994502556 0.00258835053 0.000126043955 3.38e-05 0.000140508534 6.51e-05 2.87e-06 0.000156579612 4.16e-05 6.53e-05 0.00035620091 6.04e-05 0.000773680896 0.00177505229 0.00027804744 6.5e-05 1.58e-07 1.8e-05 2.19e-06 2.13e-06 2.11e-06 2.63e-07 1.24e-06
15.0 3.4 1.3e-05 5.09e-06 3.77e-05 0.000109085976 4.92e-05 0.00178182953 3.77e-05 0.0393319825 0.0967207834 0.110616285 0.0229915586 0.0113203966 0.0019001543 1.46e-06 1.42e-05 7.61e-05 7.77e-05 0.000122915354 0.000385776147 5.02e-05 0.000139621855 6.95e-05 0.000697989277 0.0031524249 0.00899045233 6.03e-05 0.000989060042 1.67e-05 5.6e-06 1.19e-06 3.81e-06 8.5e-07 2.28e-07 8.6e-07
25.0 -0.5 2.84e-05 2.7e-06 0.00114602592 0.000817111577 0.0270831937 0.000478814323 0.114690328 0.206154462 0.274554579 0.0392692998 0.0251911188 0.00769398235 5.43e-05 0.000157603267 2.64e-05 3.35e-06 1.24e-05 3.42e-07 1.26e-06 2.33e-06 1.65e-07 8.34e-08 4.65e-07 4.7e-07 1.59e-07 5.21e-08 7.28e-08 6.78e-08 9.05e-09 6.39e-08 3.04e-08 2.05e-08 1.68e-08 8.67e-09
25.0 -0.45 3.93e-05 3.29e-06 0.000861669805 0.000398282473 0.0229755141 0.00275039173 0.083705292 0.217075732 0.282894305 0.058309384 0.0209301568 0.0108295128 2.08e-05 0.000201737801 1.98e-05 5.49e-06 1.01e-05 1.68e-06 3.79e-06 1.72e-06 1.01e-06 5.05e-07 4.41e-07 4.77e-08 2.85e-09 1.32e-07 1.42e-07 1.72e-08 4.67e-08 2.53e-08 1.56e-08 1.33e-09 1.82e-08 1.17e-08
