marxs/missions/mitsnl/data/Si_efficiency_5_7_widebars.ecsv
# %ECSV 1.0
# ---
# datatype:
# - {name: lambda, unit: Angstrom, datatype: float64}
# - {name: theta, unit: deg, datatype: float64}
# - {name: '8', datatype: float64}
# - {name: '7', datatype: float64}
# - {name: '6', datatype: float64}
# - {name: '5', datatype: float64}
# - {name: '4', datatype: float64}
# - {name: '3', datatype: float64}
# - {name: '2', datatype: float64}
# - {name: '1', datatype: float64}
# - {name: '0', datatype: float64}
# - {name: '-1', datatype: float64}
# - {name: '-2', datatype: float64}
# - {name: '-3', datatype: float64}
# - {name: '-4', datatype: float64}
# - {name: '-5', datatype: float64}
# - {name: '-6', datatype: float64}
# - {name: '-7', datatype: float64}
# - {name: '-8', datatype: float64}
# - {name: '-9', datatype: float64}
# - {name: '-10', datatype: float64}
# - {name: '-11', datatype: float64}
# - {name: '-12', datatype: float64}
# - {name: '-13', datatype: float64}
# - {name: '-14', datatype: float64}
# - {name: '-15', datatype: float64}
# - {name: '-16', datatype: float64}
# - {name: '-17', datatype: float64}
# - {name: '-18', datatype: float64}
# - {name: '-19', datatype: float64}
# - {name: '-20', datatype: float64}
# - {name: '-21', datatype: float64}
# - {name: '-22', datatype: float64}
# - {name: '-23', datatype: float64}
# - {name: '-24', datatype: float64}
# - {name: '-25', datatype: float64}
# meta: !!omap
# - {ORIGFILE: Si_5.7um_deep_30pct_dc_extended!select lambdas}
# - {author: converted by Hans Moritz Guenther}
# - {origin: Ralf Heilmann}
# - {comment: 'From: Ralf Heilmann <ralf@space.mit.edu>; Subject: 5.7 um deep, 60 nm wide grating bars; 10/19/22'}
# - depth: !astropy.units.Quantity
#     unit: !astropy.units.Unit {unit: mu}
#     value: 5.7
# - barwidth: !astropy.units.Quantity
#     unit: !astropy.units.Unit {unit: nm}
#     value: 60.0
# - {coating: Si}
# schema: astropy-2.0
lambda theta 8 7 6 5 4 3 2 1 0 -1 -2 -3 -4 -5 -6 -7 -8 -9 -10 -11 -12 -13 -14 -15 -16 -17 -18 -19 -20 -21 -22 -23 -24 -25
15.0 -0.5 0.000504649834 0.000503685046 0.0121579732 0.00383714252 0.0341164533 0.100081759 0.0567092466 0.0901884367 0.319237955 0.130843225 0.0292158671 0.00676900767 0.003918191 0.00118647411 0.000797272239 9.13e-05 7.8e-05 6.61e-06 2.91e-05 5.23e-06 5.62e-06 2.87e-06 8.32e-07 2.5e-06 1.67e-06 2.88e-07 4.23e-08 5.89e-07 9.27e-08 4e-07 3.27e-07 1.51e-08 7.16e-08 2.14e-07
15.0 -0.45 0.000211394187 0.000700230775 0.00542694898 0.00902674798 0.0149580533 0.111656922 0.0522137738 0.0955680989 0.296703569 0.154004287 0.0371586446 0.0034793959 0.00769293737 0.000485493535 0.000733472662 2.98e-06 7.33e-05 1.37e-05 1.25e-05 2.3e-06 4.01e-06 8.28e-07 9.22e-07 8.12e-07 8.13e-07 4.22e-07 7.01e-07 2.06e-07 2.09e-07 5.54e-08 9.31e-08 8.37e-08 2.82e-08 5.72e-08
15.0 -0.4 7.52e-05 0.000752909634 0.000782534849 0.0113709242 0.00335234694 0.113498137 0.0526846372 0.113357664 0.267492473 0.178709334 0.0349103469 0.000710481734 0.010375605 0.000517862147 0.0005837026 5.39e-05 3.39e-05 3.65e-05 1.68e-07 3.75e-06 2.82e-06 1e-06 1.2e-06 6.54e-07 6.1e-07 4.29e-07 2.71e-07 2e-07 2.62e-07 1.51e-07 1.61e-07 3.03e-08 4.59e-08 7.48e-08
15.0 -0.35 0.000465541396 0.000547596347 0.00245562307 0.00863419211 0.00306892787 0.0985286863 0.0580971148 0.140702994 0.244332443 0.192255941 0.0257783183 0.00209668109 0.00988633064 0.00230555871 0.000292577728 0.000138483984 5.77e-05 6.89e-05 5.98e-06 2.07e-06 1.11e-05 4.64e-06 3.27e-07 1.59e-07 2.78e-06 2.02e-08 2.09e-07 6.27e-07 1.12e-07 8.31e-08 1.07e-07 6.11e-08 2.63e-09 1.81e-08
15.0 -0.3 0.000628529528 0.000402474771 0.00828187396 0.0031025868 0.0101613883 0.0693672543 0.0676705943 0.170601495 0.236244676 0.186752131 0.0194757637 0.00698093185 0.00627064966 0.00530271503 9.71e-05 0.000103252852 7.85e-05 3.97e-05 5.04e-06 9.36e-06 1.61e-05 1.71e-06 9.23e-07 2.88e-06 5.91e-07 1.9e-08 6.09e-07 8.77e-08 1.24e-07 1.16e-07 3.67e-07 3.42e-08 1.28e-08 1.77e-07
15.0 -0.25 0.000264182305 0.000266188354 0.0121432981 0.000115287468 0.0163161695 0.0380258915 0.0781593371 0.192375188 0.248176377 0.164254224 0.0230592168 0.0106563409 0.00208530141 0.00730571953 7.56e-05 0.000154269325 4.72e-05 6.11e-06 1.05e-05 9.14e-06 3.61e-06 2.24e-06 2.72e-07 1.09e-06 1.04e-06 2.44e-07 6.44e-07 4.01e-07 1.34e-07 1.66e-07 5.72e-08 5.39e-08 4.76e-08 8.73e-08
15.0 -0.2 6.96e-06 4.09e-05 0.0104553672 0.00310388726 0.0155258531 0.0177628825 0.0836911857 0.196516706 0.281225838 0.134545036 0.0341609299 0.00941039768 0.000557706344 0.00642920676 0.000120000456 0.000602121233 1.57e-05 1.74e-05 3.78e-05 3.12e-06 3.67e-06 1.52e-08 2.18e-06 3.42e-07 2e-06 7.53e-07 2.2e-07 3.73e-07 3.27e-07 1.89e-07 2.01e-07 1.78e-08 9.69e-08 5.55e-08
15.0 -0.15 4.41e-05 9.63e-05 0.00535803013 0.00996461502 0.008729316 0.0135241974 0.0793939777 0.181049758 0.330972843 0.108561917 0.0437698877 0.00532167508 0.00261044781 0.00339378993 0.000242316589 0.00108216601 7.63e-06 9.66e-07 3.02e-05 3.83e-06 1.72e-06 9.74e-06 2.26e-06 7.18e-07 3.67e-06 4.9e-07 5.29e-07 1.36e-07 3.85e-07 6.36e-08 3.64e-07 2.45e-07 1.94e-08 4.53e-08
15.0 -0.1 6.86e-05 0.000641635126 0.00126684368 0.0150477329 0.00203359552 0.0188704788 0.0661412881 0.153076043 0.385668918 0.0932066596 0.0457296734 0.00453784527 0.0056270165 0.00145182366 0.000502419385 0.000884398127 3.02e-05 5.64e-05 6.84e-06 2.47e-06 1.88e-05 1.25e-05 1.39e-07 3.78e-06 7.54e-08 4.35e-07 5.38e-07 1.27e-06 2.56e-07 2.27e-08 1.87e-07 1.39e-07 4.74e-08 1.17e-07
15.0 -0.05 6.86e-05 0.00100761405 5.03e-06 0.0144506636 0.000304433921 0.0226124507 0.0511317541 0.123583157 0.428668818 0.0908029475 0.0425933056 0.0102749612 0.0059895727 0.00350023827 0.000658854731 0.000475968279 0.000105940541 0.000137295812 1.95e-06 1.01e-05 2.32e-05 1.05e-06 4.51e-08 1.19e-06 3.77e-06 1.34e-07 2.35e-07 7.21e-08 1.29e-07 2.28e-07 4.38e-07 6.31e-08 1.72e-08 1.97e-07
15.0 0.0 0.000123165396 0.000700158994 0.00035027399 0.00913313855 0.00306463103 0.0187444773 0.0425268283 0.101375824 0.445012484 0.101375824 0.0425268283 0.0187444773 0.00306463103 0.00913313855 0.000350273989 0.000700158994 0.000123165395 7.34e-05 6.98e-06 1.81e-05 1.39e-06 3.16e-06 2.05e-06 1.82e-06 6.53e-07 1.88e-07 1.88e-06 9.46e-07 2.66e-08 6.9e-08 4.24e-07 6.15e-08 8.55e-08 8.4e-09
15.0 0.05 0.00010594054 0.000475968279 0.000658854731 0.00350023827 0.0059895727 0.0102749612 0.0425933056 0.0908029475 0.428668818 0.123583157 0.0511317541 0.0226124507 0.000304433921 0.0144506636 5.03e-06 0.00100761405 6.86e-05 3.1e-05 3.02e-05 1.27e-05 8.1e-06 1.31e-06 5.4e-06 4.34e-06 1.2e-06 6.46e-07 4.5e-08 1.52e-07 2e-07 5.13e-07 1.36e-07 1.07e-07 6.56e-08 2.13e-07
15.0 0.1 3.02e-05 0.000884398127 0.000502419385 0.00145182366 0.0056270165 0.00453784527 0.0457296734 0.0932066596 0.385668918 0.153076043 0.0661412881 0.0188704788 0.00203359552 0.0150477329 0.00126684368 0.000641635126 6.86e-05 8.84e-05 4.66e-05 7.34e-06 6.26e-06 1.39e-05 2.32e-06 2.12e-07 4.88e-07 2e-06 1.61e-06 1.73e-07 3.74e-07 1.05e-07 3.02e-07 1.97e-08 2.46e-07 7.95e-08
15.0 0.15 7.63e-06 0.00108216601 0.000242316589 0.00339378993 0.00261044781 0.00532167508 0.0437698877 0.108561917 0.330972843 0.181049758 0.0793939777 0.0135241974 0.008729316 0.00996461502 0.00535803013 9.63e-05 4.41e-05 5.95e-05 2.76e-05 1.01e-05 8.52e-06 1.39e-05 2.82e-06 1.71e-06 4.16e-06 3.53e-07 1.5e-07 1.04e-06 4.28e-07 2.49e-07 3.29e-07 2.94e-07 3.26e-08 4.36e-08
15.0 0.2 1.57e-05 0.000602121233 0.000120000456 0.00642920676 0.000557706344 0.00941039768 0.0341609299 0.134545036 0.281225838 0.196516706 0.0836911857 0.0177628825 0.0155258531 0.00310388726 0.0104553672 4.09e-05 6.96e-06 1.33e-06 2.37e-05 1.46e-06 2.11e-05 7.42e-08 1.83e-06 8.41e-07 4.19e-07 1.08e-06 4.47e-07 5.51e-08 2.64e-07 2.22e-08 4.95e-08 1.67e-07 6.54e-08 2.52e-08
15.0 0.25 4.72e-05 0.000154269325 7.56e-05 0.00730571953 0.00208530141 0.0106563409 0.0230592168 0.164254224 0.248176377 0.192375188 0.0781593371 0.0380258915 0.0163161695 0.000115287468 0.0121432981 0.000266188354 0.000264182305 9.32e-05 1.7e-05 1.14e-05 4.35e-06 9.3e-06 6.54e-07 6.02e-06 2.06e-06 3.07e-07 9.12e-07 1.33e-06 6.01e-08 8.87e-09 7.03e-07 9.31e-08 2.36e-08 2.18e-07
15.0 0.3 7.85e-05 0.000103252852 9.71e-05 0.00530271503 0.00627064966 0.00698093185 0.0194757637 0.186752131 0.236244676 0.170601495 0.0676705943 0.0693672543 0.0101613883 0.0031025868 0.00828187396 0.000402474771 0.000628529528 0.000135117946 3.47e-06 3.52e-05 4e-06 5.96e-06 2.08e-06 9.95e-07 1.27e-06 5.27e-07 1.09e-06 1.86e-07 1.86e-08 3.29e-07 2.94e-08 7.5e-08 6.32e-08 5.79e-08
15.0 0.35 5.77e-05 0.000138483984 0.000292577727 0.00230555871 0.00988633064 0.00209668109 0.0257783183 0.192255941 0.244332443 0.140702994 0.0580971148 0.0985286863 0.00306892787 0.00863419211 0.00245562307 0.000547596348 0.000465541396 6.55e-05 5.14e-05 2.04e-05 8.8e-06 1.17e-05 1.43e-06 1.59e-06 1.07e-06 2.59e-07 2.82e-07 4.61e-07 8.22e-08 3.19e-08 3.8e-07 1.22e-07 2.31e-08 8.08e-08
15.0 0.4 3.39e-05 5.39e-05 0.000583702601 0.000517862147 0.010375605 0.000710481734 0.0349103469 0.178709334 0.267492473 0.113357664 0.0526846372 0.113498137 0.00335234694 0.0113709242 0.00078253485 0.000752909634 7.52e-05 0.00013738681 5.19e-05 6.01e-06 4.8e-06 1.07e-05 1.76e-06 1.78e-06 7.19e-08 1.01e-06 6.99e-07 8.03e-07 1.9e-07 1.93e-07 2.53e-07 1.92e-09 9.36e-08 5.96e-08
15.0 0.45 7.33e-05 2.98e-06 0.000733472661 0.000485493535 0.00769293737 0.00347939591 0.0371586446 0.154004287 0.296703569 0.0955680989 0.0522137738 0.111656922 0.0149580533 0.00902674798 0.00542694898 0.000700230775 0.000211394187 0.000174541647 4.5e-06 5.71e-06 1.57e-05 3.41e-06 1.31e-07 4.48e-06 2.5e-06 1.08e-07 6.21e-07 3.17e-07 2.51e-08 6.56e-08 2.64e-07 2.22e-07 1.06e-08 1.67e-07
15.0 0.5 7.8e-05 9.13e-05 0.00079727224 0.00118647411 0.003918191 0.00676900766 0.0292158671 0.130843225 0.319237955 0.0901884367 0.0567092466 0.100081759 0.0341164533 0.00383714252 0.0121579732 0.000503685046 0.000504649834 2.61e-05 4.15e-05 2.38e-06 6.66e-06 1.8e-05 6.79e-07 7.27e-07 6.96e-07 3.49e-07 2.7e-08 1.5e-06 1.6e-07 4.83e-08 3.86e-07 9.63e-08 1.3e-08 9.67e-08
15.0 0.55 2.04e-05 0.00016866356 0.00102906906 0.00149050104 0.0013751431 0.00680924214 0.0165332189 0.116580771 0.322774181 0.0979242575 0.0656476801 0.0883138884 0.0526960422 0.000245744761 0.0145757529 0.00161031759 0.000337887088 6.4e-05 5.18e-05 2.17e-05 6.87e-06 4.09e-06 4.36e-06 5.12e-06 1.42e-06 6.5e-07 2.51e-06 6.31e-07 1.07e-07 6.44e-07 5.27e-07 3.04e-08 1.22e-07 1.3e-07
15.0 0.6 1.16e-05 0.000210002843 0.00124721832 0.00110410375 0.00128527418 0.00365706209 0.00711134889 0.107179216 0.302676627 0.11808462 0.0763605098 0.081439209 0.0664736349 0.00126197153 0.0104787147 0.00555726845 0.000202032805 0.000220327975 1.01e-06 6.79e-05 2.92e-05 1.69e-05 7.87e-06 8.15e-06 5.58e-07 2.45e-06 3.86e-07 1.31e-06 4.37e-07 3.2e-07 1.03e-07 3.4e-07 3.12e-07 3.55e-07
15.0 0.65 3.92e-05 0.00029685827 0.0010691797 0.000480608095 0.00349551895 0.000617483406 0.00388196828 0.0926352009 0.265991533 0.146703108 0.0833067347 0.0796701643 0.0805994567 0.00602508223 0.00377917618 0.0107464476 0.000753092576 0.000117920745 0.000144583773 4.97e-05 4.86e-06 2.39e-05 8.35e-06 2.59e-07 4.8e-06 1.7e-06 1.57e-06 1.02e-07 9.47e-07 8.98e-07 5.63e-07 2.55e-07 1.63e-07 3.53e-08
15.0 0.7 6.19e-05 0.000359497401 0.000556587789 0.00011394181 0.00636033619 0.000164517459 0.00361773092 0.0681265363 0.226742381 0.174898225 0.0810217263 0.0824584284 0.105059758 0.010607718 0.000258515248 0.0123878682 0.00172993892 0.000120062643 0.000355657503 5.47e-06 2.63e-05 2.98e-06 1.19e-05 8.24e-06 5.84e-06 3.77e-06 1.95e-07 3.35e-06 1.12e-06 3.6e-07 2.1e-07 5.29e-07 3.63e-07 6.64e-08
15.0 0.75 0.000107055443 0.000277485226 0.000116524416 3.11e-05 0.00746361745 0.00147893597 0.00256375327 0.0392866233 0.195352643 0.191377258 0.0690605074 0.0905243906 0.142842208 0.0128814693 0.00217920863 0.00805460506 0.00255181684 0.000611560368 0.000227392385 5.75e-05 8.2e-05 4.03e-05 3.31e-06 4.45e-07 3.58e-06 1.91e-06 2.17e-06 3.31e-07 1.21e-06 3.36e-07 7.53e-07 8.61e-07 1.97e-07 4.64e-07
15.0 0.8 0.000101554327 9.88e-05 9.9e-07 9.47e-05 0.00571810759 0.00215779738 0.0013198012 0.0165349366 0.171202089 0.188821065 0.0536829304 0.102890898 0.182462231 0.0187396822 0.00704767063 0.00194700316 0.00306209291 0.000911854203 5.42e-06 8.34e-05 3.36e-05 3.77e-05 9.03e-06 1.91e-05 1.11e-05 1.95e-06 1.02e-06 4.71e-06 6.4e-07 9.81e-07 1.04e-06 1.52e-07 8.24e-08 2.29e-07
15.0 0.85 3.19e-05 4.82e-06 5.03e-05 0.000449115315 0.00264267606 0.00141118868 0.00314133927 0.00512820522 0.14520025 0.169338834 0.0434415643 0.113222802 0.203711502 0.0433163814 0.0102616502 0.0011530087 0.00352581158 0.000463857612 0.000188295414 4.04e-05 2.16e-05 1.63e-06 1.08e-05 1.47e-05 8.87e-07 1.83e-06 4.02e-06 9.3e-07 9.27e-07 3.78e-07 6.9e-07 6.91e-07 3.64e-07 3.22e-07
15.0 0.9 5.97e-06 1.28e-05 0.000188891268 0.00106654407 0.000714937049 0.00073073607 0.00834609878 0.00190073627 0.110308029 0.143790283 0.0420893522 0.111773795 0.193713436 0.101941141 0.00842076541 0.00810844084 0.00453523738 7.09e-05 0.000385264222 0.000105498656 7.06e-05 2.43e-05 7.2e-06 5.03e-06 5.48e-06 2.5e-06 2.51e-06 2.85e-06 2.44e-07 1.82e-06 1.18e-06 8.75e-08 3.53e-07 7.38e-07
15.0 0.95 3.93e-05 2.29e-05 0.00047980883 0.00129504892 0.000689878847 0.00133348737 0.0123780782 0.00128249859 0.0698325381 0.123973478 0.0453098798 0.0931265437 0.158679705 0.193988596 0.00251044855 0.018412787 0.00655074429 0.000416656103 0.000151435274 0.000175659714 2.99e-05 1.86e-05 3.07e-05 1.89e-05 9.22e-07 4.67e-06 3.07e-06 4.62e-07 1.62e-06 5.29e-07 8.32e-08 3.32e-07 3.7e-07 4.7e-08
15.0 1.0 5.61e-05 4.4e-05 0.000578991453 0.000853586588 0.00121263163 0.00204851579 0.011017532 0.00208161932 0.034778354 0.112741033 0.0447785755 0.0622781987 0.118103317 0.293397339 0.00124953106 0.025337674 0.00949217822 0.000892604294 7.58e-05 8.39e-05 7.86e-06 1.37e-05 2.34e-05 1.16e-06 7.85e-06 4.68e-06 2.36e-06 3.18e-06 9.48e-07 1.54e-06 8.64e-07 8.28e-07 5.4e-07 2.76e-07
15.0 1.05 4.43e-05 8.13e-05 0.000322488779 0.00043925423 0.000892217053 0.00129702772 0.00633149975 0.00649992152 0.0133027782 0.102409758 0.0363865103 0.0323698535 0.0882115781 0.358487368 0.0214857083 0.0250727389 0.01308514 0.00109557039 0.000449255452 1.77e-06 8.66e-05 6.29e-05 5.9e-06 1.13e-05 1.14e-05 2.63e-06 7.19e-07 5.31e-07 1.76e-06 4.82e-08 2.31e-07 2.53e-07 1.28e-07 4.11e-07
15.0 1.1 5.12e-05 6e-05 0.000147783166 0.000437109068 0.000239394307 0.000114287172 0.00467129902 0.0138232754 0.00453189777 0.0838233636 0.0248245119 0.0155578399 0.071241815 0.357563834 0.0804774665 0.0181342814 0.0168852917 0.00167605091 0.000610821418 4.08e-05 7.52e-05 5.82e-05 1.26e-05 9.86e-06 3.18e-06 1.83e-06 1.59e-06 5.16e-06 9.51e-07 5.29e-07 1.13e-06 1.14e-06 9.23e-08 7.66e-08
15.0 1.15 2.82e-05 1.98e-05 0.000200065829 0.000389763528 0.000639055421 0.000840966202 0.00887217218 0.0185296067 0.00241633141 0.056388518 0.019323592 0.0142488924 0.0584177288 0.291098757 0.180390159 0.00874098225 0.0198337424 0.00298903482 0.000327097696 0.000129259585 2.92e-05 8.1e-06 1.72e-06 8.16e-06 1.65e-05 3.5e-07 1.72e-06 2.59e-06 5.46e-07 4.1e-07 9.39e-07 5.73e-08 9.43e-08 4.94e-07
15.0 1.2 2.7e-06 8.51e-06 0.000167258049 0.000123971065 0.00174814944 0.00313761003 0.0146903452 0.0164580283 0.00353708046 0.0288553397 0.0240460244 0.0201502686 0.0416388901 0.191385258 0.296938354 0.00575514388 0.0206187978 0.00422536191 0.000169028154 0.000176201162 0.000106473172 7e-06 1.19e-05 2.4e-05 4.06e-06 1.1e-06 5.41e-06 1.65e-06 1e-07 8.7e-07 9.38e-07 3.58e-07 9.22e-08 5.69e-07
15.0 1.25 9.18e-06 3.51e-06 8.3e-05 1.48e-06 0.00186165418 0.00411418459 0.0156234534 0.0111070163 0.00884835874 0.0105801118 0.0334463094 0.0224492834 0.0217614817 0.0999808546 0.386292621 0.0227090378 0.0186468001 0.00427697501 0.00038007267 0.000125812787 8.74e-05 2.92e-06 2.41e-05 8.6e-06 3.69e-06 2.23e-06 3.67e-07 1.61e-06 9.14e-07 6.52e-07 4.51e-07 1.47e-07 2.53e-07 7.74e-08
15.0 1.3 5.47e-06 1.45e-06 0.000145563704 3.24e-05 0.00113751826 0.0027591954 0.0101194809 0.0109024873 0.0177980462 0.0031961887 0.037550657 0.0170749659 0.00646279259 0.0423199442 0.40891986 0.0722956391 0.0143081307 0.00367333744 0.000498715373 5.8e-05 1.16e-05 1.92e-05 1.39e-05 8.89e-08 4.33e-06 2.61e-06 1.66e-06 1.24e-06 3.65e-07 1.06e-06 3.04e-07 9.04e-08 2.75e-07 3.61e-07
15.0 1.35 1.28e-06 4.63e-06 0.000161450926 6.64e-06 0.00155859489 0.00162881693 0.00306728039 0.0193100493 0.0244054749 0.00153580946 0.0313575846 0.00858509555 0.00193721147 0.0184389295 0.354225718 0.15638676 0.00975673939 0.0053340789 0.000445322707 5.08e-05 6.76e-05 5.82e-05 5.64e-06 1.96e-06 2.8e-06 5.06e-06 1.69e-06 5.92e-07 1.76e-06 9.21e-08 4.11e-07 6.83e-07 2.36e-07 1.19e-07
15.0 1.4 1.01e-05 1.94e-05 2.83e-05 4.96e-05 0.00279111345 0.00298958337 5.82e-05 0.0294054194 0.0227156071 0.00132264752 0.0189180905 0.00416527878 0.0071018283 0.01282724 0.247452972 0.258461777 0.0110605378 0.0111161215 0.000619888259 2.47e-05 8.6e-05 5.5e-05 5.66e-06 1.77e-06 2e-05 2.62e-06 6.13e-07 1.87e-06 1.75e-06 6.04e-07 1.53e-07 2.31e-07 1.68e-07 8.84e-08
15.0 1.45 5.55e-06 3.42e-05 1.85e-05 0.000113565995 0.00257994756 0.00533079285 0.00117246816 0.0308130783 0.0152903089 0.00334172279 0.00842298178 0.00613264168 0.0145929716 0.01052531 0.133419411 0.345895283 0.0280812573 0.017421401 0.00100513827 1.3e-05 3.98e-05 1.6e-05 2.07e-06 1.38e-05 8.73e-06 6.12e-07 2.14e-07 3.42e-06 3.03e-07 1.49e-07 1.07e-06 5.83e-07 4.08e-08 3.57e-07
15.0 1.5 2.86e-06 1.15e-05 5.02e-05 9.95e-05 0.00143947333 0.00580221166 0.00201810421 0.0215239419 0.0120776885 0.0093453206 0.00412052545 0.0100851523 0.0167528286 0.00589286491 0.0497347656 0.384163895 0.0691825895 0.0178345015 0.001630152 0.000251918027 8.3e-06 7.12e-06 6.89e-06 1.42e-05 2.74e-07 4.4e-07 1.73e-06 5.7e-08 9.67e-07 8.73e-09 9.24e-10 5.25e-08 2.42e-09 1.52e-08
