marxs/missions/mitsnl/data/Si_efficiency_5_7.dat
# %ECSV 0.9
# ---
# datatype:
# - {name: lambda, unit: Angstrom, datatype: float32}
# - {name: theta, unit: deg, datatype: float32}
# - {name: '4', datatype: float32}
# - {name: '3', datatype: float32}
# - {name: '2', datatype: float32}
# - {name: '1', datatype: float32}
# - {name: '0', datatype: float32}
# - {name: '-1', datatype: float32}
# - {name: '-2', datatype: float32}
# - {name: '-3', datatype: float32}
# - {name: '-4', datatype: float32}
# - {name: '-5', datatype: float32}
# - {name: '-6', datatype: float32}
# - {name: '-7', datatype: float32}
# - {name: '-8', datatype: float32}
# - {name: '-9', datatype: float32}
# - {name: '-10', datatype: float32}
# - {name: '-11', datatype: float32}
# - {name: '-12', datatype: float32}
# - {name: '-13', datatype: float32}
# - {name: '-14', datatype: float32}
# - {name: '-15', datatype: float32}
# - {name: '-16', datatype: float32}
# - {name: '-17', datatype: float32}
# - {name: '-18', datatype: float32}
# - {name: '-19', datatype: float32}
# - {name: '-20', datatype: float32}
# - {name: '-21', datatype: float32}
# - {name: '-22', datatype: float32}
# - {name: '-23', datatype: float32}
# meta: !!omap
# - {ORIGFILE: ../inputdata/Si_5p7um_deep_20pct_dc_extended.xlsx}
# - {author: converted by Hans Moritz Guenther}
# - {origin: Ralf Heilmann}
# - description: [null]
# - {comment: 'From: Ralf Heilmann <ralf@space.mit.edu>; Subject: efficiencies for Lynx;
#     Date: Tue, 16 Jan 2018 15:07:37 -0500'}
# schema: astropy-2.0
lambda theta 4 3 2 1 0 -1 -2 -3 -4 -5 -6 -7 -8 -9 -10 -11 -12 -13 -14 -15 -16 -17 -18 -19 -20 -21 -22 -23
[from data line 3205]
6.0 1.25 3.93201e-05 0.000199529 0.00413706 0.0293307 0.0384029 0.30206 0.203611 0.00759904 0.000156226 9.49034e-05 4.98519e-05 2.19436e-05 5.62542e-06 3.6238e-07 2.35163e-07 8.80362e-07 8.47123e-07 3.97329e-07 6.49939e-08 4.87141e-09 6.84967e-08 9.61918e-08 5.95592e-08 1.38931e-08 3.1933e-10 1.11472e-08 1.94004e-08 1.40641e-08
6.0 1.3 2.79376e-05 0.000153039 0.00420386 0.0269564 0.0403672 0.276633 0.220862 0.00937903 0.000181616 0.000117734 5.64881e-05 2.32155e-05 5.37972e-06 2.51718e-07 3.91023e-07 1.05283e-06 9.11233e-07 3.87826e-07 5.01027e-08 1.11341e-08 8.38731e-08 1.04298e-07 5.85495e-08 1.11258e-08 7.94856e-10 1.38189e-08 2.11409e-08 1.38991e-08
6.0 1.35 1.82189e-05 0.000116013 0.00430026 0.0243701 0.0438511 0.250159 0.237076 0.0115383 0.000206732 0.00014491 6.34004e-05 2.42825e-05 5.09853e-06 2.13315e-07 6.05715e-07 1.238e-06 9.68259e-07 3.73514e-07 3.80806e-08 2.19664e-08 1.00726e-07 1.11532e-07 5.67911e-08 8.69552e-09 2.02682e-09 1.67946e-08 2.26904e-08 1.35313e-08
6.0 1.4 1.05279e-05 8.85733e-05 0.00440387 0.0216906 0.0485065 0.223166 0.251948 0.0140981 0.00023141 0.000176908 7.04524e-05 2.51123e-05 4.80598e-06 2.63652e-07 8.76631e-07 1.42903e-06 1.01315e-06 3.54201e-07 3.01468e-08 3.73577e-08 1.18444e-07 1.17499e-07 5.42444e-08 6.75697e-09 4.02518e-09 1.99878e-08 2.39966e-08 1.29839e-08
6.0 1.45 5.10401e-06 7.04483e-05 0.00449466 0.0190333 0.0539835 0.196174 0.265199 0.0170726 0.000255673 0.000214171 7.7503e-05 2.57011e-05 4.53925e-06 4.16696e-07 1.19756e-06 1.61955e-06 1.04574e-06 3.33575e-07 2.7725e-08 5.71189e-08 1.36696e-07 1.22138e-07 5.13018e-08 5.5187e-09 6.78611e-09 2.33032e-08 2.50365e-08 1.22986e-08
6.0 1.5 2.05567e-06 6.10398e-05 0.00455539 0.0165068 0.059941 0.169675 0.276581 0.020469 0.000279663 0.000257057 8.44277e-05 2.60797e-05 4.34628e-06 6.8499e-07 1.56517e-06 1.80659e-06 1.06897e-06 3.13222e-07 3.15548e-08 8.10966e-08 1.5473e-07 1.25368e-07 4.79787e-08 5.10392e-09 1.02621e-08 2.66258e-08 2.57698e-08 1.15265e-08
6.0 1.55 1.36037e-06 5.94733e-05 0.00457206 0.0142103 0.0660563 0.144128 0.285884 0.0242872 0.000303562 0.000305761 9.11216e-05 2.63007e-05 4.27694e-06 1.08066e-06 1.97633e-06 1.98547e-06 1.08057e-06 2.93301e-07 4.21643e-08 1.08586e-07 1.72183e-07 1.27015e-07 4.47234e-08 5.67162e-09 1.43824e-08 2.9864e-08 2.61792e-08 1.0718e-08
6.0 1.6 2.86701e-06 6.46316e-05 0.00453421 0.0122307 0.0720341 0.119949 0.292936 0.0285203 0.000327509 0.000360252 9.74961e-05 2.6425e-05 4.37661e-06 1.61086e-06 2.42077e-06 2.14914e-06 1.07952e-06 2.77352e-07 6.04253e-08 1.39053e-07 1.88325e-07 1.27341e-07 4.16023e-08 7.28803e-09 1.90492e-08 3.28983e-08 2.62808e-08 9.92795e-09
6.0 1.65 6.3057e-06 7.51863e-05 0.00443515 0.0106396 0.0776151 0.0974967 0.297608 0.0331547 0.000351552 0.000420236 0.00010348 2.65196e-05 4.68495e-06 2.27223e-06 2.88292e-06 2.29346e-06 1.07049e-06 2.68168e-07 8.66909e-08 1.71756e-07 2.02779e-07 1.26181e-07 3.91079e-08 1.00505e-08 2.41251e-08 3.56277e-08 2.60806e-08 9.22255e-09
6.0 1.7 1.13124e-05 8.96371e-05 0.00427213 0.00949166 0.0825827 0.0770729 0.299817 0.03817 0.000375612 0.000485146 0.000109028 2.66687e-05 5.23812e-06 3.05358e-06 3.35004e-06 2.41642e-06 1.0562e-06 2.66246e-07 1.20322e-07 2.05501e-07 2.15031e-07 1.24051e-07 3.73159e-08 1.39342e-08 2.94625e-08 3.79712e-08 2.56084e-08 8.66866e-09
6.0 1.75 1.74694e-05 0.000106365 0.00404645 0.00882183 0.086769 0.0589122 0.299522 0.0435391 0.000399489 0.000554165 0.000114143 2.6986e-05 6.07157e-06 3.94451e-06 3.81214e-06 2.51342e-06 1.03665e-06 2.74011e-07 1.61473e-07 2.39512e-07 2.24677e-07 1.20928e-07 3.67197e-08 1.8955e-08 3.489e-08 3.98402e-08 2.49327e-08 8.32523e-09
6.0 1.8 2.43487e-05 0.000123698 0.00376328 0.00864417 0.090059 0.0431804 0.29673 0.0492277 0.000422866 0.000626247 0.000118887 2.76178e-05 7.21991e-06 4.93614e-06 4.25489e-06 2.5802e-06 1.01599e-06 2.94443e-07 2.09454e-07 2.7234e-07 2.31648e-07 1.17445e-07 3.73549e-08 2.49716e-08 4.02211e-08 4.11862e-08 2.41083e-08 8.24838e-09
6.0 1.85 3.15409e-05 0.000139974 0.00343147 0.00895092 0.092393 0.0299721 0.291491 0.0551934 0.000445331 0.000700145 0.000123392 2.87315e-05 8.71141e-06 6.0107e-06 4.66025e-06 2.61937e-06 1.00091e-06 3.27812e-07 2.6229e-07 3.02969e-07 2.35582e-07 1.13801e-07 3.96226e-08 3.19057e-08 4.52635e-08 4.19857e-08 2.32151e-08 8.49261e-09
6.0 1.9 3.86598e-05 0.000153625 0.00306303 0.00971278 0.0937661 0.0193104 0.2839 0.0613853 0.000466419 0.000774428 0.000127864 3.0495e-05 1.05575e-05 7.13421e-06 5.01538e-06 2.63725e-06 9.94595e-07 3.74211e-07 3.19627e-07 3.30713e-07 2.3686e-07 1.10636e-07 4.35037e-08 3.95002e-08 4.98207e-08 4.22207e-08 2.236e-08 9.09423e-09
6.0 1.95 4.53339e-05 0.000163268 0.00267258 0.0108802 0.0942261 0.0111486 0.274095 0.0677425 0.000485686 0.000847555 0.000132577 3.30553e-05 1.27443e-05 8.26413e-06 5.31427e-06 2.63628e-06 9.99306e-07 4.35372e-07 3.79431e-07 3.53826e-07 2.35395e-07 1.08341e-07 4.92131e-08 4.758e-08 5.37371e-08 4.19377e-08 2.16275e-08 1.00709e-08
6.0 2.0 5.12052e-05 0.000167831 0.00227647 0.0123861 0.0938682 0.00537405 0.262258 0.074194 0.000502807 0.00091796 0.000137865 3.65258e-05 1.52343e-05 9.36322e-06 5.54967e-06 2.61741e-06 1.02073e-06 5.10819e-07 4.38596e-07 3.71985e-07 2.31723e-07 1.07387e-07 5.6624e-08 5.57998e-08 5.68326e-08 4.1182e-08 2.11164e-08 1.14315e-08
6.0 2.05 5.59434e-05 0.000166678 0.00189174 0.0141486 0.0928279 0.00181444 0.248609 0.0806587 0.000517703 0.000984182 0.000144113 4.09865e-05 1.7976e-05 1.04018e-05 5.71039e-06 2.58755e-06 1.06427e-06 5.97593e-07 4.96453e-07 3.84584e-07 2.26477e-07 1.08396e-07 6.5753e-08 6.39188e-08 5.90164e-08 4.00465e-08 2.09391e-08 1.3167e-08
6.0 2.1 5.92674e-05 0.00015971 0.00153483 0.0160765 0.0912719 0.000245895 0.233403 0.0870453 0.000530657 0.00104498 0.000151734 4.64918e-05 2.09119e-05 1.13472e-05 5.7902e-06 2.5588e-06 1.13164e-06 6.9492e-07 5.5022e-07 3.90652e-07 2.20053e-07 1.11514e-07 7.63205e-08 7.1552e-08 6.01897e-08 3.86679e-08 2.11751e-08 1.52396e-08
6.0 2.15 6.09591e-05 0.000147401 0.00122022 0.0180736 0.0893871 0.000402944 0.216927 0.0932538 0.000542401 0.00109947 0.000161172 5.30758e-05 2.39745e-05 1.21581e-05 5.79545e-06 2.54175e-06 1.22411e-06 8.01457e-07 5.96652e-07 3.91043e-07 2.13787e-07 1.17456e-07 8.81228e-08 7.8427e-08 6.03393e-08 3.71692e-08 2.18965e-08 1.75915e-08
6.0 2.2 6.08712e-05 0.000130788 0.000959366 0.0200447 0.0873692 0.00198999 0.199489 0.099177 0.000554177 0.00114718 0.000172893 6.07422e-05 2.70749e-05 1.27941e-05 5.73984e-06 2.54385e-06 1.34451e-06 9.11685e-07 6.35413e-07 3.85478e-07 2.08096e-07 1.2601e-07 1.00728e-07 8.42106e-08 5.95013e-08 3.57378e-08 2.31702e-08 2.0158e-08
6.2 1.0 0.000117892 0.000495131 0.00486158 0.0270011 0.0581809 0.415958 0.0965043 0.00431193 6.784e-05 2.6938e-05 3.53065e-05 2.19984e-05 9.12594e-06 2.09181e-06 1.3613e-07 3.41765e-07 6.52425e-07 5.17905e-07 2.07423e-07 2.96469e-08 2.36793e-08 6.83928e-08 7.203e-08 3.71008e-08 7.47483e-09 3.93053e-09 1.33426e-08 1.64697e-08
6.2 1.05 0.000103195 0.000461734 0.00444575 0.0278544 0.0471242 0.405716 0.112136 0.00462539 6.15897e-05 3.85334e-05 4.34733e-05 2.48115e-05 9.39766e-06 1.82059e-06 6.54623e-08 4.52371e-07 7.59853e-07 5.46507e-07 1.91835e-07 1.83598e-08 3.06113e-08 8.04451e-08 7.67968e-08 3.49838e-08 5.14189e-09 4.82184e-09 1.57451e-08 1.76382e-08
6.2 1.1 8.83313e-05 0.000427224 0.0041508 0.0281471 0.0387877 0.392075 0.128485 0.00504435 5.74813e-05 5.46439e-05 5.23555e-05 2.74475e-05 9.48772e-06 1.52538e-06 3.62181e-08 5.89945e-07 8.66754e-07 5.6626e-07 1.72377e-07 9.44348e-09 4.03768e-08 9.27167e-08 8.03291e-08 3.21513e-08 3.12752e-09 6.25622e-09 1.82395e-08 1.85402e-08
6.2 1.15 7.37605e-05 0.000393271 0.00396121 0.0279163 0.0330578 0.375333 0.145304 0.00560221 5.7044e-05 7.53336e-05 6.16976e-05 2.98214e-05 9.3957e-06 1.2244e-06 5.4453e-08 7.52148e-07 9.69064e-07 5.76505e-07 1.50245e-07 3.64493e-09 5.28081e-08 1.04894e-07 8.25494e-08 2.87937e-08 1.55972e-09 8.20875e-09 2.07357e-08 1.91467e-08
6.2 1.2 5.99003e-05 0.000361315 0.00385891 0.027218 0.029766 0.355851 0.162318 0.00633322 6.18765e-05 0.000100407 7.1246e-05 3.18603e-05 9.13711e-06 9.36736e-07 1.24027e-07 9.34523e-07 1.06492e-06 5.76286e-07 1.27134e-07 1.46776e-09 6.75385e-08 1.16472e-07 8.33967e-08 2.50745e-08 5.50689e-10 1.0627e-08 2.31511e-08 1.94423e-08
6.2 1.25 4.71178e-05 0.000332531 0.00382441 0.0261225 0.028698 0.334037 0.179239 0.0072709 7.35568e-05 0.000129437 8.07757e-05 3.35104e-05 8.7397e-06 6.82824e-07 2.47878e-07 1.13148e-06 1.15099e-06 5.67112e-07 1.03801e-07 3.34711e-09 8.42517e-08 1.27164e-07 8.28994e-08 2.11994e-08 1.82138e-10 1.3448e-08 2.54079e-08 1.9425e-08
6.2 1.3 3.57207e-05 0.000307811 0.00383783 0.0247099 0.0296029 0.310334 0.195773 0.00844663 9.35368e-05 0.000161825 9.01044e-05 3.47423e-05 8.23604e-06 4.82239e-07 4.26994e-07 1.33852e-06 1.22372e-06 5.49745e-07 8.17952e-08 9.4857e-09 1.02394e-07 1.36592e-07 8.11343e-08 1.73701e-08 5.11613e-10 1.65923e-08 2.74323e-08 1.91103e-08
6.2 1.35 2.59519e-05 0.000287757 0.00387976 0.0230664 0.0322028 0.28521 0.211627 0.00988833 0.000123024 0.000196885 9.90946e-05 3.55522e-05 7.65887e-06 3.5182e-07 6.59752e-07 1.55135e-06 1.28278e-06 5.24504e-07 6.24997e-08 2.00416e-08 1.21641e-07 1.44587e-07 7.82283e-08 1.3758e-08 1.58115e-09 2.00075e-08 2.91986e-08 1.852e-08
6.2 1.4 1.7985e-05 0.000272674 0.00393199 0.021281 0.0362018 0.259142 0.226518 0.0116196 0.00016286 0.000233921 0.000107644 3.59565e-05 7.04218e-06 3.05937e-07 9.42787e-07 1.76376e-06 1.32746e-06 4.93785e-07 4.67623e-08 3.48569e-08 1.41297e-07 1.50879e-07 7.43564e-08 1.05877e-08 3.38379e-09 2.35472e-08 3.06186e-08 1.76903e-08
6.2 1.45 1.19256e-05 0.000262572 0.00397809 0.0194419 0.0412949 0.232606 0.240181 0.0136589 0.000213414 0.000272311 0.000115679 3.59869e-05 6.42403e-06 3.56742e-07 1.27199e-06 1.96978e-06 1.35552e-06 4.59296e-07 3.58049e-08 5.37675e-08 1.60904e-07 1.55332e-07 6.97224e-08 8.00832e-09 5.89338e-09 2.71185e-08 3.16643e-08 1.66659e-08
6.2 1.5 7.80753e-06 0.000257169 0.00400395 0.0176343 0.0471765 0.206065 0.252374 0.0160195 0.00027451 0.000311558 0.00012314 3.56843e-05 5.84641e-06 5.13918e-07 1.64175e-06 2.16513e-06 1.3672e-06 4.22055e-07 3.0568e-08 7.64319e-08 1.79939e-07 1.57934e-07 6.45609e-08 6.18319e-09 9.06946e-09 3.06219e-08 3.23167e-08 1.54953e-08
6.2 1.55 5.5932e-06 0.000255893 0.0039981 0.0159379 0.0535481 0.179961 0.262884 0.0187095 0.000345404 0.000351295 0.000129961 3.50947e-05 5.35219e-06 7.84893e-07 2.04488e-06 2.34573e-06 1.36445e-06 3.84707e-07 3.15801e-08 1.02294e-07 1.97821e-07 1.58582e-07 5.911e-08 5.21766e-09 1.28399e-08 3.39677e-08 3.25741e-08 1.4233e-08
6.2 1.6 5.18063e-06 0.000257908 0.00395197 0.0144249 0.0601264 0.154703 0.271528 0.0217317 0.000424795 0.000391259 0.000136045 3.42701e-05 4.98272e-06 1.17482e-06 2.47263e-06 2.50623e-06 1.34708e-06 3.49372e-07 3.94101e-08 1.3092e-07 2.14209e-07 1.57462e-07 5.36413e-08 5.22767e-09 1.71184e-08 3.70585e-08 3.24414e-08 1.29365e-08
6.2 1.65 6.41735e-06 0.000262139 0.00386007 0.0131577 0.0666502 0.130664 0.27816 0.0250841 0.000510896 0.000431227 0.000141258 3.32752e-05 4.77789e-06 1.68444e-06 2.91403e-06 2.6417e-06 1.31569e-06 3.1746e-07 5.44692e-08 1.61351e-07 2.28392e-07 1.54512e-07 4.84253e-08 6.26063e-09 2.17823e-08 3.97911e-08 3.19295e-08 1.16662e-08
6.2 1.7 9.11496e-06 0.000267332 0.00371993 0.0121868 0.0728868 0.10817 0.282666 0.0287601 0.000601521 0.000470945 0.000145446 3.21987e-05 4.77676e-06 2.30735e-06 3.35626e-06 2.74927e-06 1.27408e-06 2.91548e-07 7.66316e-08 1.9285e-07 2.4019e-07 1.50132e-07 4.37495e-08 8.36667e-09 2.66981e-08 4.20922e-08 3.10748e-08 1.04843e-08
6.2 1.75 1.30548e-05 0.00027213 0.0035321 0.0115495 0.0786384 0.0874958 0.284971 0.0327488 0.000694213 0.000510056 0.000148475 3.11549e-05 5.01591e-06 3.03102e-06 3.78685e-06 2.82654e-06 1.22494e-06 2.73728e-07 1.05641e-07 2.24451e-07 2.4911e-07 1.44354e-07 3.98661e-08 1.15077e-08 3.17155e-08 4.38871e-08 2.99281e-08 9.45299e-09
6.2 1.8 1.79823e-05 0.00027519 0.00329997 0.0112681 0.0837463 0.0688627 0.285036 0.0370344 0.000786384 0.000548037 0.000150269 3.02723e-05 5.52604e-06 3.84153e-06 4.19569e-06 2.87164e-06 1.1697e-06 2.64983e-07 1.41144e-07 2.55109e-07 2.54984e-07 1.37719e-07 3.70362e-08 1.56581e-08 3.66686e-08 4.51169e-08 2.85428e-08 8.62961e-09
6.2 1.85 2.35959e-05 0.000275311 0.00302958 0.0113491 0.0880949 0.0524322 0.282861 0.041596 0.00087545 0.000584148 0.000150837 2.96769e-05 6.32791e-06 4.72411e-06 4.57252e-06 2.88525e-06 1.11289e-06 2.67087e-07 1.82002e-07 2.84053e-07 2.57577e-07 1.30371e-07 3.54676e-08 2.06794e-08 4.13874e-08 4.57503e-08 2.69893e-08 8.06372e-09
6.2 1.9 2.95407e-05 0.000271555 0.00272927 0.0117828 0.0916137 0.0383057 0.278482 0.0464072 0.000958969 0.000617421 0.000150303 2.94835e-05 7.42847e-06 5.65579e-06 4.90175e-06 2.86849e-06 1.05969e-06 2.81754e-07 2.27203e-07 3.09895e-07 2.56924e-07 1.22946e-07 3.5343e-08 2.64701e-08 4.56929e-08 4.57703e-08 2.53611e-08 7.80046e-09
6.2 1.95 3.5413e-05 0.00026334 0.00240926 0.0125432 0.0942782 0.0265234 0.271973 0.0514349 0.00103476 0.000646709 0.000148913 2.98008e-05 8.81861e-06 6.6019e-06 5.16574e-06 2.82181e-06 1.01271e-06 3.08824e-07 2.75408e-07 3.31711e-07 2.53268e-07 1.15776e-07 3.67934e-08 3.27803e-08 4.94124e-08 4.51886e-08 2.37441e-08 7.87359e-09
6.2 2.0 4.07795e-05 0.000250499 0.00208109 0.013589 0.0961079 0.0170653 0.263444 0.0566385 0.00110102 0.000670783 0.000147042 3.07372e-05 1.04748e-05 7.52547e-06 5.35609e-06 2.7498e-06 9.75949e-07 3.48063e-07 3.24403e-07 3.48836e-07 2.46666e-07 1.09399e-07 3.98568e-08 3.9439e-08 5.2408e-08 4.40598e-08 2.22384e-08 8.30194e-09
6.2 2.05 4.52155e-05 0.000233295 0.00175691 0.0148661 0.097163 0.00985398 0.253042 0.0619695 0.00115645 0.000688454 0.000145171 3.24008e-05 1.23626e-05 8.39679e-06 5.47381e-06 2.66133e-06 9.55504e-07 4.00056e-07 3.72877e-07 3.60452e-07 2.37916e-07 1.04362e-07 4.45635e-08 4.61335e-08 5.45496e-08 4.2453e-08 2.09523e-08 9.08726e-09
6.2 2.1 4.83542e-05 0.000212387 0.00144872 0.0163095 0.0975396 0.00475862 0.240947 0.06737 0.00120029 0.000698696 0.000143853 3.48864e-05 1.44371e-05 9.18845e-06 5.51758e-06 2.56372e-06 9.54669e-07 4.63242e-07 4.18862e-07 3.66251e-07 2.27375e-07 1.00975e-07 5.07443e-08 5.26285e-08 5.57544e-08 4.04739e-08 1.99744e-08 1.02158e-08
6.2 2.15 4.99319e-05 0.000188756 0.0011676 0.0178474 0.0973619 0.00160155 0.22737 0.0727725 0.00123238 0.000700779 0.000143688 3.82583e-05 1.66388e-05 9.86603e-06 5.48216e-06 2.46349e-06 9.74474e-07 5.34451e-07 4.59529e-07 3.65939e-07 2.15876e-07 9.9819e-08 5.829e-08 5.85861e-08 5.59734e-08 3.82581e-08 1.93898e-08 1.16533e-08
6.2 2.2 4.98175e-05 0.000163597 0.000922945 0.019405 0.096774 0.000165832 0.212552 0.0781006 0.00125318 0.000694415 0.000145301 4.25323e-05 1.88915e-05 1.03911e-05 5.3698e-06 2.37072e-06 1.01778e-06 6.12338e-07 4.93906e-07 3.59763e-07 2.04393e-07 1.00984e-07 6.68267e-08 6.37673e-08 5.52165e-08 3.59498e-08 1.92739e-08 1.33447e-08
6.6 1.0 0.000171977 0.000118258 0.00370098 0.0154878 0.0530577 0.442097 0.0693585 0.00570566 0.00024737 1.06202e-05 2.75862e-05 2.54047e-05 1.30514e-05 3.76737e-06 2.83343e-07 1.54537e-07 6.54301e-07 6.62094e-07 3.20199e-07 5.24911e-08 5.53351e-09 6.34415e-08 8.82758e-08 5.43301e-08 1.22724e-08 6.11452e-10 1.18636e-08 1.98968e-08
6.6 1.05 0.000150144 9.71673e-05 0.00351511 0.0168902 0.0401769 0.436704 0.0812126 0.00609125 0.000181405 2.23201e-05 3.70982e-05 2.92708e-05 1.35882e-05 3.44618e-06 1.56446e-07 2.7081e-07 7.90658e-07 7.07738e-07 3.04129e-07 3.67676e-08 1.21851e-08 7.84917e-08 9.53943e-08 5.23664e-08 9.20911e-09 1.39109e-09 1.48773e-08 2.16304e-08
