marxs/missions/mitsnl/data/Si_efficiency_5_7_widebars.ecsv
# %ECSV 1.0
# ---
# datatype:
# - {name: lambda, unit: Angstrom, datatype: float64}
# - {name: theta, unit: deg, datatype: float64}
# - {name: '8', datatype: float64}
# - {name: '7', datatype: float64}
# - {name: '6', datatype: float64}
# - {name: '5', datatype: float64}
# - {name: '4', datatype: float64}
# - {name: '3', datatype: float64}
# - {name: '2', datatype: float64}
# - {name: '1', datatype: float64}
# - {name: '0', datatype: float64}
# - {name: '-1', datatype: float64}
# - {name: '-2', datatype: float64}
# - {name: '-3', datatype: float64}
# - {name: '-4', datatype: float64}
# - {name: '-5', datatype: float64}
# - {name: '-6', datatype: float64}
# - {name: '-7', datatype: float64}
# - {name: '-8', datatype: float64}
# - {name: '-9', datatype: float64}
# - {name: '-10', datatype: float64}
# - {name: '-11', datatype: float64}
# - {name: '-12', datatype: float64}
# - {name: '-13', datatype: float64}
# - {name: '-14', datatype: float64}
# - {name: '-15', datatype: float64}
# - {name: '-16', datatype: float64}
# - {name: '-17', datatype: float64}
# - {name: '-18', datatype: float64}
# - {name: '-19', datatype: float64}
# - {name: '-20', datatype: float64}
# - {name: '-21', datatype: float64}
# - {name: '-22', datatype: float64}
# - {name: '-23', datatype: float64}
# - {name: '-24', datatype: float64}
# - {name: '-25', datatype: float64}
# meta: !!omap
# - {ORIGFILE: Si_5.7um_deep_30pct_dc_extended!select lambdas}
# - {author: converted by Hans Moritz Guenther}
# - {origin: Ralf Heilmann}
# - {comment: 'From: Ralf Heilmann <ralf@space.mit.edu>; Subject: 5.7 um deep, 60 nm wide grating bars; 10/19/22'}
# - depth: !astropy.units.Quantity
#     unit: !astropy.units.Unit {unit: mu}
#     value: 5.7
# - barwidth: !astropy.units.Quantity
#     unit: !astropy.units.Unit {unit: nm}
#     value: 60.0
# - {coating: Si}
# schema: astropy-2.0
lambda theta 8 7 6 5 4 3 2 1 0 -1 -2 -3 -4 -5 -6 -7 -8 -9 -10 -11 -12 -13 -14 -15 -16 -17 -18 -19 -20 -21 -22 -23 -24 -25
[from data line 213]
37.0 2.25 8.06e-06 5.41e-06 1.85e-05 7.83e-05 0.000122022045 0.000134399641 0.00319514912 0.0276498524 0.0909044533 0.00587420377 0.0288214833 0.0569515979 0.126082213 0.0266664797 0.00090277485 0.00116056231 0.000248402147 5.15e-05 4.01e-05 2.37e-05 6.97e-06 4.06e-06 4.12e-06 1.9e-06 7.33e-07 9.06e-07 6.41e-07 2.37e-07 2.32e-07 2.46e-07 1.1e-07 6.86e-08 9.79e-08 6.14e-08
37.0 2.3 7.39e-06 5.28e-06 1.89e-05 7.02e-05 0.000102236781 0.000190134744 0.00250976042 0.029412017 0.0945542805 0.00612757682 0.029616425 0.04373574 0.119326788 0.0290302084 0.00095981739 0.00133984344 0.000233536116 5.89e-05 4.23e-05 2.33e-05 7.27e-06 4.52e-06 3.96e-06 1.81e-06 8.41e-07 9.15e-07 6.31e-07 2.49e-07 2.46e-07 2.41e-07 1.13e-07 7.65e-08 9.5e-08 5.96e-08
37.0 2.35 6.4e-06 5.69e-06 1.8e-05 6.1e-05 8.6e-05 0.000246977015 0.00186085107 0.031143478 0.0974004367 0.00755123887 0.0290462818 0.033414275 0.110860978 0.0312782699 0.00101081712 0.00152702523 0.00021879669 6.46e-05 4.27e-05 2.25e-05 7.61e-06 4.68e-06 3.8e-06 1.8e-06 8.78e-07 8.85e-07 5.89e-07 2.66e-07 2.44e-07 2.22e-07 1.1e-07 7.8e-08 9.14e-08 5.77e-08
37.0 2.4 5.54e-06 6.14e-06 1.68e-05 5.22e-05 7.46e-05 0.000293789331 0.00127887295 0.032702062 0.0996436522 0.00984600013 0.0272829244 0.0257943573 0.101048285 0.0333346075 0.00105806497 0.00172227201 0.000208301666 6.77e-05 4.17e-05 2.15e-05 7.82e-06 4.55e-06 3.7e-06 1.83e-06 8.94e-07 8.52e-07 5.74e-07 2.69e-07 2.41e-07 2.17e-07 1.16e-07 8.03e-08 8.52e-08 5.54e-08
37.0 2.45 5.32e-06 6.11e-06 1.58e-05 4.51e-05 6.79e-05 0.000318385941 0.000789774909 0.0339715648 0.101481238 0.0126791105 0.0245882078 0.0205599753 0.0902927452 0.0351285162 0.00110341976 0.00192708167 0.000205151477 6.9e-05 4.03e-05 2.09e-05 8e-06 4.5e-06 3.54e-06 1.81e-06 9.38e-07 8.15e-07 5.72e-07 2.88e-07 2.31e-07 2.02e-07 1.13e-07 7.82e-08 8.15e-08 5.67e-08
37.0 2.5 5.18e-06 5.84e-06 1.42e-05 3.96e-05 6.42e-05 0.000313723595 0.000414655208 0.0348589249 0.103096292 0.0157161084 0.0212761903 0.0173128066 0.0790132922 0.0365967427 0.0011481176 0.00214188613 0.000210521096 6.97e-05 3.9e-05 2.12e-05 8.25e-06 4.5e-06 3.37e-06 1.83e-06 9.04e-07 7.55e-07 5.5e-07 2.8e-07 2.13e-07 2e-07 1.2e-07 7.45e-08 7.55e-08 5.55e-08
37.0 2.55 4.75e-06 5.82e-06 1.16e-05 3.53e-05 6.31e-05 0.000281432631 0.000164911828 0.0352897415 0.104647272 0.0186490983 0.0176783691 0.0156122765 0.0676204726 0.0376867846 0.0011928453 0.00236437551 0.000224020906 7.04e-05 3.78e-05 2.19e-05 8.46e-06 4.18e-06 3.31e-06 1.92e-06 8.48e-07 7.2e-07 5.73e-07 2.85e-07 2e-07 1.92e-07 1.17e-07 6.92e-08 7.27e-08 5.7e-08
37.0 2.6 4.65e-06 5.79e-06 8.79e-06 3.22e-05 6.5e-05 0.000229948273 3.8e-05 0.0352103296 0.106255567 0.0212222824 0.0141118971 0.0150126292 0.0564972131 0.0383598577 0.00123810439 0.0025894209 0.000244367912 6.99e-05 3.63e-05 2.25e-05 8.38e-06 3.65e-06 3.31e-06 1.93e-06 8.07e-07 6.82e-07 5.72e-07 2.69e-07 1.76e-07 1.96e-07 1.21e-07 6.08e-08 6.99e-08 5.81e-08
37.0 2.65 4.99e-06 5.22e-06 7.04e-06 3.1e-05 6.89e-05 0.000170351617 1.82e-05 0.0345982442 0.107992389 0.0232506576 0.0108529952 0.0150939372 0.0459781691 0.038592284 0.0012838824 0.00281024212 0.000269816226 6.66e-05 3.47e-05 2.3e-05 8.02e-06 3.29e-06 3.33e-06 1.92e-06 7.04e-07 6.45e-07 5.87e-07 2.49e-07 1.64e-07 1.96e-07 1.14e-07 5.38e-08 6.92e-08 5.75e-08
37.0 2.7 5.08e-06 4.26e-06 6.18e-06 3.18e-05 7.18e-05 0.000112798818 8.21e-05 0.0334752989 0.109860153 0.0246324541 0.00811648168 0.0154839058 0.0363336006 0.0383758795 0.00132887946 0.00302050291 0.00029819734 5.92e-05 3.38e-05 2.36e-05 7.52e-06 3.07e-06 3.44e-06 1.97e-06 5.91e-07 6.52e-07 6.15e-07 2.29e-07 1.47e-07 2.05e-07 1.14e-07 4.41e-08 7.06e-08 5.94e-08
37.0 2.75 4.94e-06 3.41e-06 5.28e-06 3.41e-05 7.1e-05 6.44e-05 0.000205022569 0.0319113917 0.111778668 0.0253557698 0.00604085225 0.0158741434 0.0277635179 0.0377183473 0.00137070868 0.00321668328 0.000326509953 4.84e-05 3.41e-05 2.46e-05 6.91e-06 2.77e-06 3.58e-06 1.89e-06 4.94e-07 6.66e-07 6e-07 1.86e-07 1.4e-07 2.1e-07 1.01e-07 3.8e-08 7.22e-08 5.7e-08
37.0 2.8 5.04e-06 2.64e-06 4.65e-06 3.7e-05 6.58e-05 2.87e-05 0.000365565975 0.0300127302 0.11359527 0.0254933293 0.0046807724 0.0160336229 0.0203970345 0.036642893 0.0014070642 0.00339941459 0.000350409676 3.64e-05 3.58e-05 2.57e-05 6.07e-06 2.47e-06 3.75e-06 1.74e-06 3.76e-07 6.86e-07 6.23e-07 1.6e-07 1.39e-07 2.2e-07 9.53e-08 3.09e-08 7.72e-08 5.57e-08
37.0 2.85 5.13e-06 1.76e-06 5.39e-06 3.99e-05 5.78e-05 7.2e-06 0.00054522286 0.027897278 0.115121227 0.0251837956 0.00401081528 0.0158169179 0.0142932734 0.0351878343 0.00143687564 0.00357335167 0.00036441728 2.56e-05 3.88e-05 2.62e-05 4.93e-06 2.4e-06 3.99e-06 1.68e-06 2.88e-07 7.46e-07 6.1e-07 1.14e-07 1.41e-07 2.26e-07 7.8e-08 2.86e-08 8.06e-08 5.3e-08
37.0 2.9 4.82e-06 9.7e-07 7.15e-06 4.18e-05 4.96e-05 7.65e-08 0.000726264553 0.0256721464 0.116171718 0.0246056279 0.00393853323 0.0151628166 0.00944471177 0.0334052625 0.00146053259 0.00374709168 0.000363316171 1.77e-05 4.26e-05 2.61e-05 3.72e-06 2.57e-06 4.2e-06 1.51e-06 2.36e-07 8.04e-07 5.83e-07 8.22e-08 1.56e-07 2.3e-07 6.79e-08 2.62e-08 8.58e-08 4.72e-08
37.0 2.95 4.4e-06 4.48e-07 8.4e-06 4.24e-05 4.28e-05 6.52e-06 0.000890812219 0.0234227111 0.116592633 0.0239481552 0.00432284482 0.0140839032 0.00578355706 0.031358113 0.00147925631 0.00393291295 0.000344306607 1.32e-05 4.71e-05 2.56e-05 2.67e-06 2.85e-06 4.3e-06 1.23e-06 1.92e-07 8.45e-07 5.66e-07 5.08e-08 1.67e-07 2.3e-07 4.92e-08 2.88e-08 8.9e-08 4.35e-08
37.0 3.0 4.1e-06 1.62e-07 9.15e-06 4.23e-05 3.76e-05 2.42e-05 0.00102266934 0.0212111392 0.116272384 0.023385581 0.00499603423 0.0126512648 0.00319239626 0.0291168433 0.00149442178 0.00414526081 0.0003084283 1.22e-05 5.21e-05 2.49e-05 1.73e-06 3.17e-06 4.38e-06 1.05e-06 1.84e-07 9.18e-07 5.04e-07 2.35e-08 1.91e-07 2.25e-07 3.83e-08 3.15e-08 9.19e-08 3.62e-08
37.0 3.05 3.71e-06 9.74e-08 1.08e-05 4.14e-05 3.31e-05 4.85e-05 0.00111072195 0.0190792956 0.115138898 0.0230611972 0.00578694954 0.0109759564 0.00151819909 0.0267572819 0.00150696295 0.00439874766 0.000260065597 1.49e-05 5.78e-05 2.36e-05 8.41e-07 3.59e-06 4.42e-06 8.51e-07 2.32e-07 9.71e-07 4.66e-07 1.13e-08 2.09e-07 2.19e-07 2.3e-08 3.89e-08 9.35e-08 3.02e-08
37.0 3.1 3.2e-06 2.63e-07 1.33e-05 3.93e-05 2.87e-05 7.39e-05 0.00115218362 0.0170551209 0.113143563 0.0230836649 0.00654030254 0.00918850965 0.00058759127 0.0243583018 0.00151683171 0.00470716994 0.000205112 2.15e-05 6.43e-05 2.15e-05 2.1e-07 4.18e-06 4.35e-06 5.84e-07 2.97e-07 9.88e-07 4.05e-07 4.4e-09 2.32e-07 2.05e-07 1.48e-08 4.52e-08 9.31e-08 2.49e-08
37.0 3.15 2.8e-06 6.36e-07 1.5e-05 3.64e-05 2.46e-05 9.52e-05 0.00115418697 0.0151598607 0.110254619 0.0235232637 0.00712914181 0.00742041951 0.000221322188 0.0219961927 0.00152283897 0.00508148869 0.000149510491 3.31e-05 7.12e-05 1.9e-05 6.72e-10 4.81e-06 4.21e-06 4.12e-07 3.7e-07 1.03e-06 3.37e-07 8.42e-09 2.52e-07 1.93e-07 6.58e-09 5.54e-08 9.19e-08 1.81e-08
37.0 3.2 2.46e-06 1.23e-06 1.52e-05 3.34e-05 2.15e-05 0.000111103718 0.0011313122 0.013412015 0.106469707 0.0244017102 0.00746336184 0.00579006659 0.000246337315 0.0197385759 0.001523597 0.00552645991 9.95e-05 5.13e-05 7.69e-05 1.66e-05 1.4e-07 5.37e-06 4.02e-06 2.87e-07 5.07e-07 1.03e-06 2.88e-07 2.8e-08 2.69e-07 1.75e-07 3.46e-09 6.36e-08 8.89e-08 1.46e-08
37.0 3.25 2.11e-06 1.92e-06 1.52e-05 3.1e-05 2.03e-05 0.000123944389 0.00109948064 0.0118262835 0.10183737 0.0256818121 0.00749616229 0.00439201588 0.000505410864 0.0176394556 0.00151889685 0.00603803085 6.3e-05 7.76e-05 7.89e-05 1.43e-05 5.99e-07 5.9e-06 3.75e-06 1.85e-07 6.47e-07 1.01e-06 2.33e-07 4.78e-08 2.84e-07 1.57e-07 4.34e-09 7.32e-08 8.38e-08 1.11e-08
37.0 3.3 1.83e-06 2.47e-06 1.58e-05 2.86e-05 2.12e-05 0.000137568427 0.00106970822 0.0104077407 0.0964740391 0.0272659453 0.00722684568 0.00328905292 0.000865304686 0.0157359461 0.00150992736 0.00660274457 5.01e-05 0.000111727594 7.64e-05 1.23e-05 1.44e-06 6.44e-06 3.41e-06 1.86e-07 7.29e-07 9.95e-07 2.02e-07 7.58e-08 2.87e-07 1.38e-07 6.65e-09 7.97e-08 7.85e-08 8.67e-09
37.0 3.35 1.72e-06 2.95e-06 1.64e-05 2.57e-05 2.43e-05 0.000153509272 0.00104509203 0.00914633187 0.0905558506 0.0290118832 0.00669690029 0.00250811002 0.00122330444 0.0140479393 0.00149806517 0.00719982919 7.18e-05 0.000151375825 7.12e-05 1.11e-05 2.49e-06 6.75e-06 3.1e-06 2.13e-07 8.58e-07 9.43e-07 1.71e-07 1.14e-07 2.92e-07 1.25e-07 1.48e-08 8.58e-08 7.27e-08 9.01e-09
37.0 3.4 1.7e-06 3.59e-06 1.59e-05 2.29e-05 2.9e-05 0.000169489673 0.00102217957 0.00801943079 0.0842798896 0.0307619371 0.00597939793 0.00204134768 0.00151018469 0.0125801549 0.00148367569 0.00780494161 0.000138565991 0.00019270022 6.66e-05 1.06e-05 3.48e-06 6.83e-06 2.89e-06 2.62e-07 9.88e-07 8.94e-07 1.57e-07 1.35e-07 2.87e-07 1.11e-07 2.03e-08 9.04e-08 6.77e-08 9e-09
