marxs/missions/mitsnl/data/Si_efficiency_5_7_widebars.ecsv
# %ECSV 1.0
# ---
# datatype:
# - {name: lambda, unit: Angstrom, datatype: float64}
# - {name: theta, unit: deg, datatype: float64}
# - {name: '8', datatype: float64}
# - {name: '7', datatype: float64}
# - {name: '6', datatype: float64}
# - {name: '5', datatype: float64}
# - {name: '4', datatype: float64}
# - {name: '3', datatype: float64}
# - {name: '2', datatype: float64}
# - {name: '1', datatype: float64}
# - {name: '0', datatype: float64}
# - {name: '-1', datatype: float64}
# - {name: '-2', datatype: float64}
# - {name: '-3', datatype: float64}
# - {name: '-4', datatype: float64}
# - {name: '-5', datatype: float64}
# - {name: '-6', datatype: float64}
# - {name: '-7', datatype: float64}
# - {name: '-8', datatype: float64}
# - {name: '-9', datatype: float64}
# - {name: '-10', datatype: float64}
# - {name: '-11', datatype: float64}
# - {name: '-12', datatype: float64}
# - {name: '-13', datatype: float64}
# - {name: '-14', datatype: float64}
# - {name: '-15', datatype: float64}
# - {name: '-16', datatype: float64}
# - {name: '-17', datatype: float64}
# - {name: '-18', datatype: float64}
# - {name: '-19', datatype: float64}
# - {name: '-20', datatype: float64}
# - {name: '-21', datatype: float64}
# - {name: '-22', datatype: float64}
# - {name: '-23', datatype: float64}
# - {name: '-24', datatype: float64}
# - {name: '-25', datatype: float64}
# meta: !!omap
# - {ORIGFILE: Si_5.7um_deep_30pct_dc_extended!select lambdas}
# - {author: converted by Hans Moritz Guenther}
# - {origin: Ralf Heilmann}
# - {comment: 'From: Ralf Heilmann <ralf@space.mit.edu>; Subject: 5.7 um deep, 60 nm wide grating bars; 10/19/22'}
# - depth: !astropy.units.Quantity
#     unit: !astropy.units.Unit {unit: mu}
#     value: 5.7
# - barwidth: !astropy.units.Quantity
#     unit: !astropy.units.Unit {unit: nm}
#     value: 60.0
# - {coating: Si}
# schema: astropy-2.0
lambda theta 8 7 6 5 4 3 2 1 0 -1 -2 -3 -4 -5 -6 -7 -8 -9 -10 -11 -12 -13 -14 -15 -16 -17 -18 -19 -20 -21 -22 -23 -24 -25
[from data line 168]
37.0 0.0 1.17e-05 1.67e-05 1.42e-06 3.02e-05 0.00201094563 0.00636904253 0.0205346473 0.0901007522 0.427871736 0.0901007522 0.0205346473 0.00636904253 0.00201094563 3.02e-05 1.42e-06 1.67e-05 1.17e-05 1.38e-06 7.03e-07 2.05e-06 7.79e-07 8.79e-09 3.57e-07 3.27e-07 2.51e-08 5.3e-08 1.2e-07 3.63e-08 3.76e-09 4.12e-08 2.83e-08 4.61e-10 1.2e-08 1.7e-08
37.0 0.05 1.18e-05 1.32e-05 2.86e-07 4.02e-05 0.00206436385 0.0048739943 0.0246892546 0.0715649188 0.423688646 0.113127847 0.0156021979 0.00806538525 0.00188233652 2.1e-05 4.38e-06 1.95e-05 1.12e-05 7.69e-07 1.16e-06 2.17e-06 5.85e-07 3.12e-08 4.17e-07 2.88e-07 1.49e-08 7.69e-08 1.24e-07 2.61e-08 9e-09 4.63e-08 2.36e-08 1.93e-10 1.51e-08 1.55e-08
37.0 0.1 1.16e-05 9.44e-06 1.1e-06 4.98e-05 0.00203734087 0.00365582117 0.0276875314 0.0578332137 0.411377447 0.139964436 0.0104244035 0.00985806215 0.00169490716 1.36e-05 8.56e-06 2.16e-05 1.04e-05 4.05e-07 1.7e-06 2.2e-06 4.73e-07 8.83e-08 4.91e-07 2.65e-07 6.53e-09 9.86e-08 1.17e-07 1.72e-08 1.6e-08 4.85e-08 1.84e-08 1.15e-09 1.77e-08 1.43e-08
37.0 0.15 1.11e-05 6.35e-06 3.37e-06 5.86e-05 0.00193458314 0.00275501462 0.0293191052 0.0488515081 0.391639254 0.169584319 0.00566240683 0.0116218851 0.0014733838 8.15e-06 1.33e-05 2.39e-05 9.32e-06 3.21e-07 2.19e-06 2.12e-06 3.46e-07 1.86e-07 5.13e-07 2.1e-07 6.49e-09 1.22e-07 1.11e-07 9.32e-09 2.39e-08 4.89e-08 1.45e-08 2.83e-09 1.96e-08 1.24e-08
37.0 0.2 9.94e-06 4.12e-06 6.48e-06 6.67e-05 0.00176735955 0.00217600997 0.0295395135 0.044229237 0.365592065 0.200668291 0.00206967599 0.0132232755 0.00124657443 4.47e-06 1.82e-05 2.63e-05 7.95e-06 5.07e-07 2.62e-06 1.99e-06 2.03e-07 2.63e-07 5.23e-07 1.63e-07 2.03e-08 1.37e-07 9.34e-08 5.8e-09 3.26e-08 4.74e-08 8.87e-09 5.59e-09 2.07e-08 9.41e-09
37.0 0.25 8.12e-06 2.52e-06 9.96e-06 7.46e-05 0.00155083326 0.00189165105 0.0284501079 0.0432975615 0.334683235 0.23168715 0.000442746268 0.0145361456 0.00104340333 2.19e-06 2.28e-05 2.76e-05 6.28e-06 9.6e-07 3.06e-06 1.78e-06 1.26e-07 3.6e-07 5.26e-07 1.23e-07 3.83e-08 1.5e-07 8.02e-08 3.44e-09 3.95e-08 4.24e-08 6.1e-09 8.76e-09 2.07e-08 7.11e-09
37.0 0.3 6.24e-06 1.4e-06 1.33e-05 8.18e-05 0.00130245432 0.0018508529 0.0262649189 0.045190015 0.300574585 0.261008126 0.00155948736 0.0154617441 0.000889552764 1.24e-06 2.68e-05 2.69e-05 4.59e-06 1.5e-06 3.3e-06 1.45e-06 1.1e-07 4.87e-07 4.68e-07 7.36e-08 5.68e-08 1.51e-07 5.83e-08 6.63e-09 4.64e-08 3.77e-08 3.01e-09 1.16e-08 1.96e-08 5.07e-09
37.0 0.35 4.76e-06 8.49e-07 1.59e-05 8.69e-05 0.001041319 0.00198705944 0.0232724028 0.0489327008 0.265017408 0.287011532 0.00610959466 0.0159488901 0.000804564265 1.86e-06 3.02e-05 2.43e-05 3.25e-06 1.98e-06 3.27e-06 1.09e-06 1.27e-07 5.38e-07 4.11e-07 4.65e-08 9.1e-08 1.48e-07 4.41e-08 9.77e-09 4.87e-08 2.94e-08 2.17e-09 1.5e-08 1.78e-08 2.82e-09
37.0 0.4 3.53e-06 9.8e-07 1.71e-05 8.78e-05 0.00078732534 0.00222677013 0.0197986812 0.0535326383 0.229725368 0.3082085 0.0146265255 0.0160114058 0.000799287903 4.87e-06 3.27e-05 2.07e-05 2.38e-06 2.56e-06 3.16e-06 8.16e-07 1.67e-07 5.72e-07 3.51e-07 3.08e-08 1.06e-07 1.35e-07 2.59e-08 1.8e-08 5.13e-08 2.32e-08 2.03e-09 1.69e-08 1.51e-08 1.54e-09
37.0 0.45 2.26e-06 1.65e-06 1.7e-05 8.37e-05 0.000558548394 0.00249769919 0.016173797 0.0580603563 0.196251557 0.323354074 0.0274277948 0.015741993 0.000873858041 1.18e-05 3.42e-05 1.69e-05 1.94e-06 3.4e-06 2.97e-06 5.63e-07 2.52e-07 6.39e-07 2.56e-07 2.16e-08 1.34e-07 1.18e-07 1.57e-08 2.4e-08 4.8e-08 1.51e-08 3.6e-09 1.82e-08 1.19e-08 9.08e-10
37.0 0.5 1.15e-06 2.45e-06 1.62e-05 7.46e-05 0.000367901774 0.00273579933 0.0127016149 0.0617206706 0.165882695 0.331547606 0.0445676057 0.0153196988 0.00101662691 2.52e-05 3.46e-05 1.33e-05 1.88e-06 4.2e-06 2.53e-06 3.03e-07 3.85e-07 6.09e-07 1.77e-07 2.79e-08 1.48e-07 9.43e-08 6.93e-09 3.36e-08 4.48e-08 9.31e-09 5.7e-09 1.91e-08 8.8e-09 6.26e-10
37.0 0.55 5.01e-07 3.08e-06 1.52e-05 6.17e-05 0.000221244717 0.00289145555 0.00963570677 0.063905307 0.139566894 0.332300547 0.0658072576 0.0150072801 0.00120482746 4.92e-05 3.4e-05 1e-05 2.19e-06 4.51e-06 1.93e-06 1.28e-07 4.89e-07 5.29e-07 1.08e-07 4.93e-08 1.48e-07 7.11e-08 3.45e-09 3.81e-08 3.71e-08 4.26e-09 8.19e-09 1.75e-08 5.57e-09 1.24e-09
37.0 0.6 2.73e-07 3.58e-06 1.39e-05 4.65e-05 0.000117864316 0.00293454704 0.00716113106 0.064225043 0.117874289 0.325568194 0.0906073381 0.015140295 0.00140723998 9.04e-05 3.27e-05 6.79e-06 2.87e-06 4.41e-06 1.45e-06 6.65e-08 5.58e-07 5e-07 4.83e-08 6.81e-08 1.56e-07 4.7e-08 5.81e-09 4.51e-08 3.09e-08 1.25e-09 1.17e-08 1.66e-08 2.97e-09 2.09e-09
37.0 0.65 2.08e-07 4.22e-06 1.18e-05 3.11e-05 5.25e-05 0.00285669048 0.00538199366 0.062523484 0.10098668 0.311752271 0.118138901 0.0161125043 0.00158821858 0.000157400278 3.07e-05 3.83e-06 3.81e-06 4.31e-06 1.06e-06 9.84e-08 6.59e-07 4.06e-07 1.43e-08 9.51e-08 1.35e-07 2.68e-08 9.17e-09 4.55e-08 2.21e-08 1.42e-10 1.32e-08 1.41e-08 1.25e-09 3.06e-09
37.0 0.7 3.37e-07 4.96e-06 8.85e-06 1.77e-05 1.8e-05 0.00266907032 0.00431839926 0.0588681986 0.0887141569 0.291675548 0.147317684 0.0183578474 0.00171181993 0.000259131491 2.82e-05 1.57e-06 4.79e-06 4.23e-06 6.28e-07 2.04e-07 7.23e-07 2.75e-07 1.83e-10 1.28e-07 1.25e-07 1.26e-08 1.82e-08 4.66e-08 1.52e-08 1.18e-09 1.62e-08 1.08e-08 2.14e-10 4.61e-09
37.0 0.75 7.7e-07 5.33e-06 5.67e-06 7.87e-06 6.23e-06 0.0023979909 0.00391464223 0.0535218739 0.0805415569 0.266521531 0.176864313 0.0223252078 0.00174596012 0.000403190426 2.49e-05 4.22e-07 5.56e-06 3.87e-06 2.64e-07 3.24e-07 6.81e-07 2.21e-07 9.57e-09 1.33e-07 1.01e-07 4.98e-09 2.6e-08 4.18e-08 9.43e-09 3.07e-09 1.58e-08 8.8e-09 1.91e-10 5.54e-09
37.0 0.8 1.3e-06 4.97e-06 3.22e-06 2.34e-06 9.24e-06 0.00208053314 0.00405495902 0.0468996769 0.0757054707 0.237739142 0.205382132 0.0284441722 0.00166789343 0.000594374287 2.08e-05 4.05e-07 6e-06 3.2e-06 1.76e-07 4.39e-07 6.3e-07 1.59e-07 3.72e-08 1.53e-07 7.99e-08 5.74e-09 3.37e-08 3.85e-08 6.16e-09 7.21e-09 1.63e-08 6.04e-09 1.06e-09 5.98e-09
37.0 0.85 1.62e-06 4.17e-06 1.99e-06 7.5e-07 1.98e-05 0.00175926307 0.00458365489 0.0395163652 0.0732860328 0.206930955 0.231445128 0.0370866569 0.00147040864 0.000835268136 1.64e-05 1.33e-06 6.17e-06 2.62e-06 3.21e-07 6.03e-07 6.03e-07 1.13e-07 8.12e-08 1.55e-07 6.59e-08 1.44e-08 4.18e-08 3.09e-08 6.5e-09 1.01e-08 1.5e-08 4.71e-09 2.78e-09 6.67e-09
37.0 0.9 1.78e-06 3.46e-06 1.95e-06 2.28e-06 3.21e-05 0.00147592909 0.00532822872 0.0319258637 0.0723041584 0.175736217 0.253695052 0.0485257769 0.0011681193 0.00112763177 1.28e-05 2.92e-06 6.06e-06 2.44e-06 5.64e-07 7.64e-07 5.09e-07 1.54e-07 1.29e-07 1.29e-07 5.27e-08 2.99e-08 4.12e-08 2.68e-08 9.05e-09 1.46e-08 1.24e-08 4.96e-09 4.58e-09 6.32e-09
37.0 0.95 1.95e-06 3.07e-06 3.1e-06 6.09e-06 4.15e-05 0.00126570364 0.00612170581 0.024662325 0.0718160668 0.145713274 0.27094124 0.0628965721 0.000803606599 0.00147241551 1.11e-05 4.73e-06 5.59e-06 2.55e-06 9.68e-07 7.82e-07 3.97e-07 2.11e-07 1.77e-07 1.25e-07 6.17e-08 4.83e-08 4.44e-08 2.14e-08 1.64e-08 1.62e-08 1.11e-08 5.9e-09 6.79e-09 5.29e-09
37.0 1.0 2.02e-06 2.93e-06 5.52e-06 1.11e-05 4.52e-05 0.00115262866 0.00681913684 0.0181940932 0.0709936106 0.118230419 0.282250822 0.0801669136 0.000451953914 0.00186778533 1.19e-05 6.11e-06 4.86e-06 2.91e-06 1.63e-06 6.85e-07 3.94e-07 3.22e-07 2.12e-07 9.35e-08 7.38e-08 7.26e-08 3.52e-08 2.33e-08 2.43e-08 1.8e-08 8.18e-09 9.09e-09 8.84e-09 4.63e-09
37.0 1.05 1.84e-06 3.01e-06 8.91e-06 1.55e-05 4.25e-05 0.00114664197 0.00730794578 0.0128922581 0.0691862691 0.0943770079 0.287012671 0.100124793 0.000221731096 0.00230676199 1.47e-05 6.6e-06 4.35e-06 3.85e-06 2.39e-06 5.9e-07 4.44e-07 5.15e-07 2.21e-07 7.51e-08 1.16e-07 9.06e-08 3.14e-08 2.56e-08 3.63e-08 1.68e-08 8.03e-09 1.38e-08 9.91e-09 3.62e-09
37.0 1.1 1.48e-06 3.47e-06 1.25e-05 1.78e-05 3.5e-05 0.0012421679 0.00751566125 0.00900818068 0.0659632546 0.0749061187 0.284970901 0.12237983 0.000251253745 0.00277712109 1.87e-05 6.29e-06 4.54e-06 5.66e-06 2.96e-06 4.78e-07 5.35e-07 6.9e-07 2.27e-07 7.53e-08 1.6e-07 1.1e-07 2.02e-08 3.96e-08 4.65e-08 1.51e-08 8.88e-09 1.87e-08 1.09e-08 2.54e-09
37.0 1.15 1.13e-06 4.57e-06 1.57e-05 1.75e-05 2.64e-05 0.00141985863 0.00741519138 0.00665781331 0.0611387088 0.0602049514 0.276235545 0.146370415 0.000701596847 0.00326455631 2.31e-05 5.61e-06 5.57e-06 8.27e-06 3.31e-06 3.02e-07 8.15e-07 8.82e-07 2.15e-07 7.18e-08 2.28e-07 1.23e-07 1.53e-08 5.29e-08 6.01e-08 1.19e-08 1.12e-08 2.62e-08 1.08e-08 2.35e-09
37.0 1.2 8.73e-07 6.46e-06 1.87e-05 1.54e-05 2.01e-05 0.00165101812 0.00702504546 0.00581789764 0.0547737256 0.0502913615 0.261278246 0.171376101 0.00174817521 0.00375662497 2.77e-05 4.94e-06 7.47e-06 1.14e-05 3.69e-06 1.53e-07 1.23e-06 1.14e-06 1.7e-07 1.22e-07 3.11e-07 1.24e-07 8.81e-09 8.11e-08 6.79e-08 7.57e-09 1.84e-08 3.25e-08 9.6e-09 3.1e-09
37.0 1.25 7.17e-07 8.93e-06 2.2e-05 1.23e-05 1.96e-05 0.00190275105 0.00640220847 0.00633884354 0.0471530889 0.0448385859 0.240908974 0.196539793 0.00357068247 0.00424466036 3.2e-05 4.4e-06 1.07e-05 1.51e-05 4.14e-06 1.04e-07 1.66e-06 1.34e-06 1.2e-07 1.76e-07 3.81e-07 1.26e-07 1.23e-08 1.06e-07 7.81e-08 4.01e-09 2.53e-08 3.96e-08 8.3e-09 4.54e-09
37.0 1.3 7.36e-07 1.15e-05 2.5e-05 8.66e-06 2.8e-05 0.00214215037 0.00562964627 0.00797302774 0.0387405307 0.043228141 0.216224714 0.22090392 0.00634048831 0.00472347162 3.54e-05 3.93e-06 1.63e-05 1.93e-05 4.31e-06 1.83e-07 2.32e-06 1.49e-06 7.01e-08 2.81e-07 4.91e-07 1.12e-07 1.99e-08 1.46e-07 8.04e-08 8.7e-10 3.87e-08 4.63e-08 5.91e-09 7.35e-09
37.0 1.35 1.02e-06 1.39e-05 2.65e-05 5e-06 4.86e-05 0.0023383382 0.0048025993 0.0104108382 0.0301150103 0.0446266369 0.188528043 0.243469829 0.0102058119 0.00519025469 3.71e-05 3.57e-06 2.5e-05 2.37e-05 4.02e-06 4.87e-07 3.21e-06 1.64e-06 2.61e-08 4.4e-07 5.57e-07 9.47e-08 4.35e-08 1.78e-07 8.31e-08 3.29e-10 5.16e-08 5e-08 3.79e-09 1.23e-08
37.0 1.4 1.63e-06 1.66e-05 2.6e-05 2.1e-06 8.33e-05 0.00246414718 0.00401564022 0.0133161281 0.0219012811 0.0480752312 0.159229273 0.263269105 0.0152764574 0.00564457821 3.66e-05 3.68e-06 3.65e-05 2.8e-05 3.52e-06 1.07e-06 3.97e-06 1.72e-06 7.35e-09 5.79e-07 6.25e-07 7.86e-08 7.12e-08 2.19e-07 7.87e-08 2.76e-09 6.78e-08 5.46e-08 1.97e-09 1.77e-08
37.0 1.45 2.53e-06 1.95e-05 2.4e-05 6.22e-07 0.000131690713 0.0025003371 0.00335204763 0.0163571913 0.0147087945 0.0525786253 0.129747253 0.279425874 0.0216102154 0.00608945008 3.41e-05 4.82e-06 4.98e-05 3.18e-05 3.08e-06 1.9e-06 4.66e-06 1.7e-06 2.42e-08 8.02e-07 7.06e-07 5.51e-08 1.18e-07 2.54e-07 7.44e-08 8.59e-09 8.63e-08 5.51e-08 8.04e-10 2.42e-08
37.0 1.5 3.65e-06 2.23e-05 2.16e-05 8.48e-07 0.000190064803 0.00244025892 0.00287629236 0.0192346739 0.00907784813 0.0571890943 0.101417475 0.291207304 0.0292029447 0.00653213637 3.1e-05 7.59e-06 6.47e-05 3.52e-05 2.69e-06 3.01e-06 5.65e-06 1.67e-06 8.93e-08 1.04e-06 7.14e-07 4.09e-08 1.71e-07 2.83e-07 6.48e-08 1.95e-08 1.01e-07 5.51e-08 8.74e-10 3.32e-08
37.0 1.55 4.96e-06 2.4e-05 1.91e-05 3.19e-06 0.000252343849 0.00229097065 0.00262837495 0.0217060679 0.00543258166 0.0610800879 0.0754101273 0.298067059 0.037982873 0.00698496078 2.97e-05 1.26e-05 8.14e-05 3.82e-05 2.34e-06 4.44e-06 6.65e-06 1.59e-06 2.16e-07 1.23e-06 7.48e-07 3.27e-08 2.35e-07 3.17e-07 5.65e-08 3.36e-08 1.22e-07 5.31e-08 2.39e-09 4.09e-08
37.0 1.6 6.47e-06 2.45e-05 1.62e-05 8.56e-06 0.00031122428 0.0020699459 0.00261994968 0.0236028973 0.00404701007 0.0636028525 0.0526615056 0.299683529 0.0478077098 0.00746626518 3.32e-05 2.07e-05 0.000101213854 4.08e-05 2.2e-06 6.15e-06 7.18e-06 1.42e-06 3.94e-07 1.5e-06 7.54e-07 3.27e-08 3.09e-07 3.26e-07 4.63e-08 5.32e-08 1.33e-07 4.86e-08 5.65e-09 4.92e-08
37.0 1.65 8.12e-06 2.45e-05 1.22e-05 1.77e-05 0.000359670411 0.00179994853 0.00283324715 0.0248421486 0.00502708223 0.0643224057 0.0338291423 0.295981085 0.0584641429 0.00800062201 4.49e-05 3.3e-05 0.000124440347 4.27e-05 2.41e-06 8.19e-06 7.62e-06 1.28e-06 6.34e-07 1.72e-06 7.02e-07 5.14e-08 3.8e-07 3.5e-07 3.9e-08 7.6e-08 1.51e-07 4.5e-08 1.09e-08 5.92e-08
37.0 1.7 9.78e-06 2.44e-05 7.95e-06 2.98e-05 0.00039270736 0.00150405481 0.00322446795 0.025431033 0.00830754659 0.0630351824 0.0192724423 0.287134164 0.0696689511 0.00861716585 6.81e-05 5.15e-05 0.000149874191 4.33e-05 3.07e-06 1.06e-05 8.29e-06 1.19e-06 9.76e-07 1.9e-06 6.93e-07 8.74e-08 4.68e-07 3.37e-07 3.39e-08 1.03e-07 1.55e-07 3.88e-08 1.8e-08 6.53e-08
37.0 1.75 1.13e-05 2.33e-05 4.44e-06 4.3e-05 0.000408573403 0.00120284011 0.00373074914 0.0254585431 0.0136645006 0.0597649263 0.00905263272 0.273557082 0.0810766198 0.00934751776 0.000105403901 7.85e-05 0.000175055917 4.26e-05 4.35e-06 1.31e-05 8.71e-06 1.09e-06 1.36e-06 2.11e-06 6.37e-07 1.35e-07 5.33e-07 3.46e-07 3.34e-08 1.3e-07 1.66e-07 3.45e-08 2.69e-08 7.23e-08
37.0 1.8 1.23e-05 2.08e-05 2.46e-06 5.53e-05 0.000408527795 0.000913921354 0.00427865704 0.0250746039 0.0207426223 0.0547373691 0.00295363937 0.255874975 0.0922971486 0.0102233442 0.000158554264 0.000117577845 0.000198002514 4.11e-05 6.43e-06 1.54e-05 8.58e-06 1e-06 1.72e-06 2.22e-06 5.6e-07 2.08e-07 6.07e-07 3.2e-07 3.86e-08 1.6e-07 1.65e-07 3e-08 3.69e-08 7.85e-08
37.0 1.85 1.29e-05 1.79e-05 1.79e-06 6.67e-05 0.00039521349 0.000652029391 0.00479315784 0.0244628589 0.0290949498 0.0483400419 0.000523044935 0.234882422 0.102916484 0.0112733123 0.000227429468 0.00017215196 0.000218185993 3.94e-05 9.33e-06 1.75e-05 8.37e-06 1.05e-06 2.16e-06 2.27e-06 5.44e-07 2.92e-07 6.62e-07 3.12e-07 4.94e-08 1.85e-07 1.66e-07 2.78e-08 4.81e-08 7.98e-08
37.0 1.9 1.34e-05 1.56e-05 1.97e-06 7.84e-05 0.000370574505 0.000428947374 0.00520599655 0.0238117317 0.0382315019 0.0410714633 0.00112723002 0.211498054 0.112516215 0.0125203691 0.000309638202 0.000244711944 0.000235762854 3.81e-05 1.27e-05 1.95e-05 8.36e-06 1.26e-06 2.63e-06 2.35e-06 4.98e-07 3.86e-07 7e-07 2.87e-07 6.72e-08 2.13e-07 1.6e-07 2.74e-08 5.89e-08 8.26e-08
37.0 1.95 1.35e-05 1.37e-05 3.05e-06 9.04e-05 0.000335457344 0.000253538787 0.00546195693 0.0232899211 0.0476674416 0.0334818705 0.00401650784 0.186709797 0.120697582 0.0139803608 0.000400927283 0.00033522636 0.000250465033 3.71e-05 1.64e-05 2.13e-05 8.19e-06 1.52e-06 2.99e-06 2.33e-06 4.55e-07 4.91e-07 7.37e-07 2.66e-07 8.75e-08 2.3e-07 1.53e-07 2.88e-08 6.99e-08 8.26e-08
37.0 2.0 1.29e-05 1.13e-05 5.33e-06 9.98e-05 0.00029191813 0.000131307961 0.00552331601 0.023033532 0.0569586383 0.0261130739 0.00839500757 0.161507808 0.127107444 0.0156608185 0.000496275201 0.000441296978 0.000261465227 3.65e-05 2.04e-05 2.27e-05 7.71e-06 1.79e-06 3.33e-06 2.25e-06 4.85e-07 5.85e-07 7.38e-07 2.54e-07 1.15e-07 2.5e-07 1.46e-07 3.32e-08 7.94e-08 7.93e-08
37.0 2.05 1.22e-05 8.72e-06 8.44e-06 0.000103093045 0.000245561612 6.26e-05 0.00537395722 0.0231436369 0.0657205395 0.0194492958 0.0134863283 0.136814888 0.131465343 0.0175575297 0.000590869299 0.000560215064 0.000268026604 3.64e-05 2.46e-05 2.36e-05 7.25e-06 2.18e-06 3.68e-06 2.22e-06 4.99e-07 6.87e-07 7.52e-07 2.3e-07 1.4e-07 2.56e-07 1.36e-07 3.79e-08 8.71e-08 7.84e-08
37.0 2.1 1.15e-05 6.97e-06 1.15e-05 9.99e-05 0.000203604344 4.04e-05 0.00502334637 0.0236809747 0.0736456849 0.013883229 0.0185878846 0.113436835 0.133582279 0.0196511699 0.000680869019 0.000690987163 0.000269963792 3.72e-05 2.88e-05 2.39e-05 7.05e-06 2.74e-06 3.88e-06 2.15e-06 5.22e-07 7.67e-07 7.3e-07 2.31e-07 1.71e-07 2.66e-07 1.29e-07 4.65e-08 9.43e-08 7.36e-08
37.0 2.15 1.03e-05 6.25e-06 1.42e-05 9.3e-05 0.000170142995 5.26e-05 0.00450673576 0.0246550014 0.0805258833 0.0096921613 0.0231122497 0.0920328378 0.133367896 0.0219051983 0.00076365378 0.000834384757 0.000267361094 3.97e-05 3.29e-05 2.38e-05 6.97e-06 3.26e-06 3.96e-06 2.01e-06 6.16e-07 8.36e-07 7.1e-07 2.19e-07 1.93e-07 2.6e-07 1.19e-07 5.28e-08 9.68e-08 6.9e-08
