marxs/missions/mitsnl/data/Si_efficiency_5_7.dat
# %ECSV 0.9
# ---
# datatype:
# - {name: lambda, unit: Angstrom, datatype: float32}
# - {name: theta, unit: deg, datatype: float32}
# - {name: '4', datatype: float32}
# - {name: '3', datatype: float32}
# - {name: '2', datatype: float32}
# - {name: '1', datatype: float32}
# - {name: '0', datatype: float32}
# - {name: '-1', datatype: float32}
# - {name: '-2', datatype: float32}
# - {name: '-3', datatype: float32}
# - {name: '-4', datatype: float32}
# - {name: '-5', datatype: float32}
# - {name: '-6', datatype: float32}
# - {name: '-7', datatype: float32}
# - {name: '-8', datatype: float32}
# - {name: '-9', datatype: float32}
# - {name: '-10', datatype: float32}
# - {name: '-11', datatype: float32}
# - {name: '-12', datatype: float32}
# - {name: '-13', datatype: float32}
# - {name: '-14', datatype: float32}
# - {name: '-15', datatype: float32}
# - {name: '-16', datatype: float32}
# - {name: '-17', datatype: float32}
# - {name: '-18', datatype: float32}
# - {name: '-19', datatype: float32}
# - {name: '-20', datatype: float32}
# - {name: '-21', datatype: float32}
# - {name: '-22', datatype: float32}
# - {name: '-23', datatype: float32}
# meta: !!omap
# - {ORIGFILE: ../inputdata/Si_5p7um_deep_20pct_dc_extended.xlsx}
# - {author: converted by Hans Moritz Guenther}
# - {origin: Ralf Heilmann}
# - description: [null]
# - {comment: 'From: Ralf Heilmann <ralf@space.mit.edu>; Subject: efficiencies for Lynx;
#     Date: Tue, 16 Jan 2018 15:07:37 -0500'}
# schema: astropy-2.0
lambda theta 4 3 2 1 0 -1 -2 -3 -4 -5 -6 -7 -8 -9 -10 -11 -12 -13 -14 -15 -16 -17 -18 -19 -20 -21 -22 -23
[from data line 191]
0.3 1.8 1.04406e-06 7.80571e-05 0.000690514 0.00245167 0.875905 0.00684541 0.00510929 0.00163599 0.000156502 4.16984e-05 4.2437e-05 3.13094e-05 1.12494e-05 5.84043e-06 3.08107e-06 5.08862e-06 6.3654e-06 2.17322e-06 2.28539e-06 6.86723e-07 9.40729e-07 2.35961e-07 1.60792e-06 1.35482e-06 2.57114e-07 2.4143e-07 7.34595e-07 4.60988e-07
0.3 1.85 1.43828e-05 3.02359e-07 0.000167067 0.000992095 0.882268 0.00397969 0.00347608 0.00138785 0.000151705 3.9585e-05 1.79927e-05 5.70539e-05 2.5248e-06 3.63258e-06 4.07737e-06 7.22145e-06 9.97348e-08 3.24084e-06 2.08999e-07 1.34726e-06 9.43851e-07 2.02738e-06 8.22341e-07 2.03334e-08 6.78819e-08 1.82723e-07 4.17039e-07 7.67632e-07
0.3 1.9 4.9103e-05 5.61291e-05 3.87281e-07 0.000211404 0.88691 0.00196479 0.00208912 0.001041 0.000138407 3.1703e-05 5.10087e-06 4.78255e-05 1.30481e-05 3.05836e-06 2.51851e-06 1.78261e-06 5.11651e-06 2.3983e-06 2.20543e-06 1.1608e-06 1.56771e-06 2.48547e-07 1.0562e-06 1.28277e-06 4.03164e-07 3.20253e-07 6.64656e-07 6.09856e-07
0.3 1.95 9.41441e-05 0.000217122 0.000143449 3.75048e-06 0.889942 0.000708073 0.00103572 0.000666115 0.000113185 2.1377e-05 1.59455e-05 1.63241e-05 2.42116e-05 2.82711e-06 9.97421e-07 2.05961e-06 7.14483e-06 8.66734e-07 6.03816e-07 6.08598e-07 1.24046e-07 1.56928e-06 9.52602e-07 7.17944e-09 1.82902e-07 1.74535e-07 2.42552e-07 2.96649e-07
0.3 2.0 0.000133927 0.000438389 0.000527868 0.000265844 0.891014 9.95732e-05 0.000350311 0.000334697 7.67921e-05 1.20301e-05 4.03913e-05 5.61009e-09 1.80956e-05 2.88919e-06 1.21064e-06 6.85331e-06 5.22878e-07 3.04799e-06 5.29542e-07 1.04376e-06 1.83645e-06 7.39381e-07 7.03282e-07 1.19444e-06 4.26939e-07 4.57395e-07 6.93076e-07 5.90951e-07
0.3 2.05 0.000153336 0.000666973 0.00107909 0.000899016 0.890343 3.44598e-05 3.18626e-05 0.000102993 3.82984e-05 6.33024e-06 5.69008e-05 1.63309e-05 4.20602e-06 2.6952e-06 1.55933e-06 4.42755e-06 3.25377e-06 2.35243e-06 1.12284e-06 6.30124e-07 4.20093e-07 6.59978e-07 9.08141e-07 1.07766e-08 2.83732e-07 7.56205e-08 1.38123e-07 2.4918e-07
0.3 2.1 0.000145796 0.000849805 0.00172024 0.00182227 0.88868 0.000409563 4.66494e-05 3.29577e-06 9.7621e-06 4.21926e-06 5.26932e-05 4.46901e-05 2.68769e-06 2.04071e-06 1.00244e-06 3.78016e-07 7.30235e-06 5.05513e-07 2.90091e-07 6.98889e-07 1.01178e-06 1.4223e-06 4.30604e-07 1.04971e-06 4.13552e-07 5.39441e-07 5.46463e-07 2.89776e-07
0.3 2.15 0.000116465 0.00095015 0.00237407 0.00297096 0.886429 0.00113042 0.000333642 3.92357e-05 1.32051e-06 3.84847e-06 3.28156e-05 5.30631e-05 1.53012e-05 1.81922e-06 9.32806e-07 2.86178e-06 1.77755e-06 3.03067e-06 6.25933e-07 5.25954e-07 1.31098e-06 8.73219e-08 8.19088e-07 1.27539e-09 3.9021e-07 3.41963e-08 2.21477e-07 4.63485e-07
0.3 2.2 7.77551e-05 0.000952399 0.00297485 0.00428176 0.883452 0.00212245 0.000820216 0.00018603 1.75752e-05 3.25402e-06 1.16946e-05 3.39818e-05 2.30765e-05 2.76949e-06 1.44123e-06 4.86206e-06 1.00557e-06 2.16976e-06 6.72098e-07 4.25447e-07 2.42831e-07 1.49786e-06 2.87345e-07 7.3051e-07 3.09152e-07 5.67507e-07 3.08283e-07 1.07395e-07
0.325 1.0 0.000572655 0.00318513 0.00457651 0.148668 0.52214 0.170696 0.0095034 0.00667825 0.000941849 0.00076394 0.000114781 6.68441e-05 0.000138164 6.42431e-05 1.30028e-05 1.64763e-06 3.17986e-05 8.01222e-05 5.76495e-05 2.70935e-06 4.50765e-05 1.36672e-06 0.000204249 0.000113322 0.000562294 0.000939124 0.000116816 1.35398e-05
0.325 1.05 0.000459563 0.0023559 0.00585123 0.135525 0.550699 0.159573 0.00632746 0.00587729 0.00102877 0.000849274 5.75748e-05 8.58914e-05 4.92699e-05 2.75873e-05 2.30511e-05 6.1241e-06 1.10505e-05 4.34027e-05 8.14253e-05 6.13817e-05 2.4885e-05 4.66803e-05 2.1001e-05 0.00025261 7.39462e-05 0.000232379 0.000112081 0.000823141
0.325 1.1 0.000400667 0.00163229 0.00754491 0.122597 0.577056 0.146869 0.00451691 0.00533171 0.00126755 0.000672634 3.31523e-05 6.26013e-05 3.9707e-05 9.52003e-05 5.66935e-05 6.49418e-06 1.88816e-06 7.87927e-06 1.15717e-05 2.63967e-05 1.97857e-05 2.27849e-05 5.24641e-05 6.33262e-06 0.000114442 4.86537e-06 3.41147e-05 0.000646482
0.325 1.15 0.000358522 0.00113558 0.00941558 0.109797 0.602201 0.133729 0.00412882 0.0049067 0.0014252 0.000383459 4.32194e-05 1.93691e-05 9.18696e-05 0.000124144 4.01064e-05 2.9361e-06 9.35257e-06 2.00125e-05 1.52319e-05 1.91917e-06 7.30314e-06 5.02404e-06 1.23087e-05 4.89654e-05 1.72645e-06 1.45577e-05 5.38477e-05 1.5393e-05
0.325 1.2 0.000327166 0.000908958 0.0112054 0.0968917 0.627483 0.120838 0.00486651 0.0043734 0.00136179 0.000119462 6.13515e-05 8.59543e-06 0.00011613 5.64669e-05 2.43524e-06 3.01837e-06 1.06876e-05 2.1882e-05 2.86009e-05 2.0518e-05 6.04542e-06 1.8526e-05 1.97055e-05 1.44571e-06 2.60677e-05 5.70362e-06 4.53581e-06 0.000147681
0.325 1.25 0.000292685 0.00093112 0.0126338 0.0843404 0.65204 0.108023 0.00628623 0.00366156 0.00114318 3.85639e-06 6.83233e-05 3.03516e-05 7.30409e-05 5.77601e-06 1.38215e-05 4.31638e-06 3.57835e-06 1.2248e-05 1.06154e-05 6.61969e-06 3.68247e-06 9.00173e-07 2.63681e-05 3.53534e-05 1.31455e-06 3.65998e-06 1.08687e-05 3.50323e-06
0.325 1.3 0.000255824 0.00115914 0.0134958 0.0726462 0.674525 0.0951318 0.00805041 0.00283945 0.00088194 4.5565e-05 5.73397e-05 6.31202e-05 2.88669e-05 4.15839e-05 3.83244e-05 2.80009e-06 6.96323e-06 1.29473e-05 7.64126e-06 1.10029e-06 2.7114e-06 7.06055e-06 9.72518e-07 1.06803e-05 1.91404e-05 2.45397e-06 2.41691e-06 2.92899e-05
0.325 1.35 0.000226951 0.00148982 0.0137002 0.0617684 0.69573 0.0826811 0.00992962 0.00203742 0.000651843 0.000152705 4.57763e-05 8.20793e-05 3.11206e-05 7.43788e-05 2.08779e-05 3.87728e-06 7.67269e-06 7.12452e-06 7.18258e-06 4.79422e-06 1.48107e-06 4.28997e-06 1.41302e-05 9.98547e-06 1.73961e-06 2.65649e-06 4.56032e-06 6.37671e-06
0.325 1.4 0.000204672 0.00179004 0.0132432 0.0515067 0.717045 0.0711086 0.0116459 0.00139545 0.000501023 0.000231593 5.09004e-05 5.89994e-05 4.46912e-05 3.77637e-05 6.53951e-07 5.39679e-06 1.9893e-06 1.03531e-05 1.03865e-05 2.89546e-06 4.92982e-07 1.14727e-06 1.74812e-06 1.05132e-05 1.26302e-05 3.66822e-06 2.97531e-06 7.12137e-06
0.325 1.45 0.000186967 0.00196084 0.0121844 0.0419496 0.738168 0.0603214 0.0129316 0.00100962 0.000423507 0.000229721 6.63508e-05 1.60108e-05 4.99699e-05 5.75571e-06 1.64973e-05 3.24163e-06 6.45404e-06 1.40884e-05 6.95488e-06 7.88673e-07 6.62892e-07 5.01782e-06 7.576e-06 2.37017e-06 1.12929e-06 2.90445e-06 1.20815e-06 8.20362e-06
0.325 1.5 0.000170385 0.00195389 0.0106258 0.0333041 0.757981 0.050148 0.0136163 0.000888764 0.000375568 0.000157741 7.08181e-05 2.77323e-06 4.47558e-05 1.85221e-05 2.29356e-05 4.56187e-06 9.48733e-06 3.3477e-06 2.41936e-06 1.71578e-06 3.19214e-07 1.23942e-06 4.1711e-06 7.83643e-06 5.97333e-06 3.554e-06 4.87814e-06 1.63752e-06
0.325 1.55 0.000146784 0.00176241 0.00872524 0.0256583 0.776354 0.0407085 0.0136398 0.0010043 0.000340546 7.12225e-05 5.27343e-05 3.91689e-05 3.3835e-05 3.52059e-05 6.8682e-06 7.14005e-06 1.91321e-06 8.19336e-06 1.11825e-05 3.40449e-06 1.51746e-07 1.87877e-06 2.44548e-06 3.99737e-07 7.04104e-07 1.45301e-06 6.5481e-07 6.04707e-06
0.325 1.6 0.000111605 0.00142057 0.00668504 0.0189769 0.793937 0.0321976 0.0130124 0.00129163 0.000309843 1.47713e-05 2.74469e-05 8.20667e-05 1.95456e-05 2.26162e-05 1.4555e-06 2.94788e-06 4.28901e-06 1.09913e-05 2.89181e-06 7.89479e-08 1.00849e-06 2.44837e-06 4.16376e-06 4.76823e-06 2.63139e-06 1.75975e-06 4.27714e-06 5.94012e-07
0.325 1.65 6.99277e-05 0.000999994 0.00471667 0.0132909 0.810651 0.0246828 0.0118027 0.00162582 0.000272564 5.99819e-07 2.13879e-05 7.68039e-05 1.57066e-05 5.5773e-06 1.02115e-05 2.44285e-06 9.22195e-06 1.9666e-06 3.243e-06 2.83178e-06 6.59178e-08 9.20361e-07 1.47754e-06 4.34443e-07 5.37813e-07 7.55507e-07 2.01443e-07 4.8073e-06
0.325 1.7 3.09157e-05 0.000584475 0.0029886 0.00867943 0.82533 0.0181315 0.010127 0.00188024 0.000239237 1.64561e-05 3.9812e-05 3.14971e-05 2.91594e-05 7.50832e-06 1.14054e-05 7.2426e-06 2.98204e-06 6.17127e-06 8.01486e-06 1.66966e-06 1.21191e-06 2.23869e-06 2.49086e-06 2.07656e-06 1.02249e-06 1.01758e-06 2.74092e-06 1.21271e-06
0.325 1.75 5.74992e-06 0.000248998 0.00161043 0.00515267 0.83733 0.0125919 0.0081654 0.00197894 0.000213811 3.84134e-05 6.01674e-05 7.06673e-07 3.63703e-05 1.28248e-05 3.95216e-06 5.0561e-06 1.43605e-06 6.6072e-06 3.58219e-07 8.84589e-07 4.05464e-07 6.21444e-07 1.42566e-06 7.85981e-07 3.41491e-07 4.91797e-07 7.29178e-08 2.06173e-06
0.325 1.8 4.47174e-06 4.80063e-05 0.000649947 0.00263662 0.846979 0.00813438 0.00612788 0.00189383 0.00019378 5.27084e-05 5.68896e-05 1.61685e-05 2.32951e-05 1.01967e-05 1.76965e-06 1.5178e-06 7.11461e-06 1.53881e-06 4.0593e-06 2.58763e-06 9.86043e-07 1.98654e-06 1.57241e-06 6.4535e-07 1.13531e-07 4.94485e-07 1.74942e-06 1.41537e-06
0.325 1.85 3.00077e-05 3.58617e-06 0.000125997 0.00102022 0.854737 0.00475339 0.00421618 0.00163609 0.000177805 5.55775e-05 3.15653e-05 5.31915e-05 5.86897e-06 4.62856e-06 4.49694e-06 7.06756e-06 5.0377e-06 3.27127e-06 3.50958e-06 1.13169e-06 1.23526e-06 4.79728e-07 9.9437e-07 7.28335e-07 1.22416e-07 2.48232e-07 2.1974e-07 5.18001e-07
0.325 1.9 7.61641e-05 0.000104098 6.43529e-06 0.000189178 0.860338 0.00236573 0.00257643 0.00125461 0.000159142 4.82024e-05 8.79998e-06 6.34885e-05 6.66552e-06 2.98899e-06 5.34421e-06 7.54877e-06 2.41426e-07 3.74839e-06 1.08097e-07 1.48227e-06 4.45178e-07 1.81728e-06 1.67783e-06 4.8945e-07 2.86172e-08 3.25883e-07 1.1354e-06 1.42674e-06
0.325 1.95 0.0001287 0.000313217 0.000226188 1.40531e-05 0.863391 0.00086199 0.00130556 0.000826714 0.000129654 3.50651e-05 1.15222e-05 3.55756e-05 2.09416e-05 3.69051e-06 2.92974e-06 1.1765e-06 6.26799e-06 1.80689e-06 2.85275e-06 1.69366e-06 2.16582e-06 7.61881e-07 5.54258e-07 7.13827e-07 1.21304e-07 9.79176e-08 3.13149e-07 1.74677e-07
0.325 2.0 0.000169014 0.000576747 0.000707353 0.000362337 0.864294 0.000128706 0.000462838 0.00043452 8.99364e-05 2.14412e-05 3.76536e-05 4.13077e-06 2.53409e-05 3.9571e-06 1.30113e-06 3.87528e-06 6.84454e-06 1.69331e-06 1.0037e-06 7.01824e-07 8.70091e-08 1.26447e-06 1.76785e-06 5.5154e-07 1.74845e-07 3.9699e-07 7.55472e-07 1.03206e-06
0.325 2.05 0.00018243 0.000831492 0.00136431 0.00112303 0.863907 3.4044e-05 5.46789e-05 0.000147841 4.79468e-05 1.17858e-05 6.35726e-05 6.10068e-06 1.25486e-05 2.97254e-06 1.93138e-06 8.39311e-06 1.81547e-07 3.1488e-06 6.07595e-07 1.13659e-06 1.85547e-06 1.35532e-06 2.6155e-07 7.53429e-07 2.46154e-07 3.64828e-08 3.2361e-07 2.25106e-07
0.325 2.1 0.00016561 0.00102198 0.00210675 0.00220882 0.862578 0.000445161 3.66397e-05 1.0605e-05 1.47817e-05 7.51325e-06 6.88195e-05 3.68364e-05 1.7943e-06 2.49057e-06 1.95775e-06 3.92833e-06 4.66676e-06 2.19093e-06 1.84938e-06 7.972e-07 6.97847e-07 5.26793e-07 1.75854e-06 5.22667e-07 2.15888e-07 4.47493e-07 5.57564e-07 6.12657e-07
0.325 2.15 0.000126899 0.001112 0.00284813 0.00354152 0.860151 0.00125368 0.000336184 2.92284e-05 1.69073e-06 6.68673e-06 5.12743e-05 6.03661e-05 8.83775e-06 2.42683e-06 1.11092e-06 5.40939e-07 7.52312e-06 8.95768e-07 2.29758e-07 1.02214e-06 5.57694e-07 1.57524e-06 1.50324e-07 7.60469e-07 3.89012e-07 4.8613e-08 3.62084e-07 3.6878e-07
0.325 2.2 8.16941e-05 0.00108889 0.00351661 0.0050514 0.856658 0.00237568 0.000872636 0.000179727 1.5309e-05 6.03187e-06 2.45416e-05 5.21841e-05 2.25654e-05 3.002e-06 1.57927e-06 4.10092e-06 1.16604e-06 3.18083e-06 8.8324e-07 7.652e-07 1.57027e-06 1.38902e-07 1.37994e-06 5.05024e-07 2.22723e-07 3.6322e-07 2.64839e-07 2.68566e-07
0.35 1.0 0.000624089 0.00329596 0.00557789 0.159002 0.467618 0.180984 0.0116158 0.00811608 0.00110202 0.000700896 0.000138386 5.46903e-05 0.00020085 0.000139981 3.64864e-05 8.86355e-07 3.90624e-05 3.84078e-05 1.85479e-05 0.000201516 0.000107372 5.56012e-05 1.06269e-05 0.0014541 0.00307167 0.000551544 6.66767e-05 4.8785e-05
0.35 1.05 0.000476283 0.00249055 0.00693657 0.145522 0.496988 0.170932 0.00814814 0.0068832 0.00105849 0.000965919 8.17061e-05 8.23972e-05 0.000109517 4.99483e-05 1.79703e-05 3.59742e-06 3.00669e-05 9.01518e-05 6.79763e-05 3.42287e-06 6.11679e-05 1.8425e-06 0.000250536 4.93679e-05 0.0015227 0.00119775 5.10721e-05 0.000139708
0.35 1.1 0.000411648 0.00179553 0.00880341 0.131365 0.526138 0.159074 0.00601048 0.00602965 0.00135408 0.000892207 3.28604e-05 7.58468e-05 3.48466e-05 4.53959e-05 3.24639e-05 5.28832e-06 6.59597e-06 3.90986e-05 8.93067e-05 6.92598e-05 3.01181e-05 4.45094e-05 6.67029e-05 0.000330974 7.29127e-05 0.000651562 0.000195732 0.000173385
0.35 1.15 0.000388423 0.00130852 0.0107712 0.117553 0.553313 0.145602 0.00517244 0.00537374 0.00163267 0.000585416 2.87851e-05 3.88167e-05 6.24321e-05 0.000121226 5.66012e-05 4.10609e-06 3.68307e-06 8.95712e-06 1.10511e-05 3.38861e-05 2.70992e-05 3.67161e-05 4.05698e-05 6.6453e-05 0.000171878 5.24757e-05 6.54443e-05 0.00113021
0.35 1.2 0.000366261 0.00110727 0.0125818 0.10435 0.578497 0.131446 0.00556717 0.00478836 0.00171251 0.000256487 5.089e-05 7.85079e-06 0.000123111 0.000124429 3.2889e-05 1.09609e-06 9.22486e-06 2.38959e-05 1.95545e-05 1.71713e-06 9.28435e-06 3.17721e-06 3.18207e-05 3.73716e-05 1.98819e-05 1.40041e-05 6.25179e-05 0.000289015
0.35 1.25 0.000338712 0.00118415 0.0140101 0.0913825 0.603438 0.117631 0.00691707 0.00410802 0.00152035 4.24061e-05 6.55039e-05 1.9902e-05 0.000120871 4.02007e-05 9.79428e-07 1.62e-06 8.93928e-06 2.32143e-05 3.42387e-05 2.56439e-05 7.55102e-06 2.28604e-05 8.91287e-06 2.12458e-05 3.0069e-05 7.0999e-06 2.39259e-05 0.000105858
0.35 1.3 0.000302342 0.00143706 0.0148583 0.078653 0.628777 0.104426 0.00878047 0.0033101 0.00118119 1.5551e-05 6.29792e-05 5.59561e-05 6.01276e-05 9.54638e-06 2.03495e-05 3.12811e-06 4.75252e-06 1.3341e-05 1.08889e-05 9.14895e-06 5.48065e-06 3.78893e-06 3.84907e-05 2.04798e-05 5.41543e-06 4.8713e-06 1.14195e-05 7.735e-05
0.35 1.35 0.000264283 0.00175084 0.0150077 0.066631 0.653103 0.0914581 0.0107488 0.00250397 0.000865332 0.000132179 4.94866e-05 7.67042e-05 2.26044e-05 6.18572e-05 3.87276e-05 1.60116e-06 7.65756e-06 1.33557e-05 8.15957e-06 1.29037e-06 4.25951e-06 6.61226e-06 1.24168e-06 2.72743e-05 1.6217e-05 3.27383e-06 4.63919e-06 2.95791e-05
0.35 1.4 0.000233146 0.00201858 0.0144089 0.0555897 0.675597 0.0787263 0.0125622 0.00180619 0.000628606 0.000254933 4.38187e-05 7.09727e-05 4.34539e-05 8.30598e-05 1.46782e-05 2.96809e-06 7.23907e-06 9.36304e-06 1.10492e-05 8.06464e-06 3.21314e-06 8.12358e-06 1.69325e-05 3.26198e-06 5.13599e-06 2.43533e-06 8.07875e-06 1.28459e-05
0.35 1.45 0.000206364 0.00214753 0.0131102 0.0454305 0.697224 0.0666996 0.0139961 0.00131472 0.000478644 0.00029062 5.64678e-05 3.63982e-05 6.34345e-05 3.12799e-05 1.03616e-06 4.24208e-06 2.37618e-06 1.13714e-05 1.00402e-05 2.91766e-06 1.0996e-06 4.17573e-07 5.0632e-06 2.04535e-05 1.10881e-05 2.66646e-06 7.55343e-07 1.72885e-05
0.35 1.5 0.000176116 0.00208005 0.0112838 0.0360499 0.719008 0.0556533 0.014852 0.00110818 0.000412386 0.000230506 7.2819e-05 4.39533e-06 5.56704e-05 4.60902e-06 2.13599e-05 2.0869e-06 8.22829e-06 1.43429e-05 7.05579e-06 8.93355e-07 1.2257e-06 6.67072e-06 6.39849e-06 4.63162e-08 5.98184e-06 2.50458e-06 4.95003e-06 5.81013e-07
0.35 1.55 0.000139346 0.00181876 0.00916046 0.0275736 0.740413 0.0454894 0.0150104 0.00118094 0.000388878 0.000124622 6.88996e-05 1.69527e-05 4.02074e-05 3.023e-05 2.27193e-05 4.62477e-06 8.91659e-06 3.6872e-06 2.76067e-06 1.44252e-06 2.10627e-07 1.65858e-06 7.07984e-06 1.07022e-05 4.74854e-06 4.7307e-06 8.58443e-07 1.20135e-05
0.35 1.6 9.77226e-05 0.0014157 0.0069439 0.0202212 0.760033 0.0361042 0.0144203 0.0014317 0.000366893 3.76534e-05 4.29701e-05 6.35849e-05 2.65646e-05 4.06161e-05 4.37353e-06 7.17825e-06 1.64779e-06 9.56002e-06 1.05004e-05 2.53018e-06 1.42103e-07 2.23756e-06 1.77899e-06 6.86993e-07 3.73059e-06 2.00276e-06 4.97025e-06 1.39215e-06
