marxs/missions/mitsnl/data/Si_efficiency_5_7.dat
# %ECSV 0.9
# ---
# datatype:
# - {name: lambda, unit: Angstrom, datatype: float32}
# - {name: theta, unit: deg, datatype: float32}
# - {name: '4', datatype: float32}
# - {name: '3', datatype: float32}
# - {name: '2', datatype: float32}
# - {name: '1', datatype: float32}
# - {name: '0', datatype: float32}
# - {name: '-1', datatype: float32}
# - {name: '-2', datatype: float32}
# - {name: '-3', datatype: float32}
# - {name: '-4', datatype: float32}
# - {name: '-5', datatype: float32}
# - {name: '-6', datatype: float32}
# - {name: '-7', datatype: float32}
# - {name: '-8', datatype: float32}
# - {name: '-9', datatype: float32}
# - {name: '-10', datatype: float32}
# - {name: '-11', datatype: float32}
# - {name: '-12', datatype: float32}
# - {name: '-13', datatype: float32}
# - {name: '-14', datatype: float32}
# - {name: '-15', datatype: float32}
# - {name: '-16', datatype: float32}
# - {name: '-17', datatype: float32}
# - {name: '-18', datatype: float32}
# - {name: '-19', datatype: float32}
# - {name: '-20', datatype: float32}
# - {name: '-21', datatype: float32}
# - {name: '-22', datatype: float32}
# - {name: '-23', datatype: float32}
# meta: !!omap
# - {ORIGFILE: ../inputdata/Si_5p7um_deep_20pct_dc_extended.xlsx}
# - {author: converted by Hans Moritz Guenther}
# - {origin: Ralf Heilmann}
# - description: [null]
# - {comment: 'From: Ralf Heilmann <ralf@space.mit.edu>; Subject: efficiencies for Lynx;
#     Date: Tue, 16 Jan 2018 15:07:37 -0500'}
# schema: astropy-2.0
lambda theta 4 3 2 1 0 -1 -2 -3 -4 -5 -6 -7 -8 -9 -10 -11 -12 -13 -14 -15 -16 -17 -18 -19 -20 -21 -22 -23
[from data line 3253]
6.6 1.15 0.000105569 9.03669e-05 0.00325447 0.018866 0.0216171 0.416276 0.107333 0.00682058 6.58936e-05 6.06909e-05 5.93878e-05 3.64359e-05 1.39562e-05 2.66863e-06 3.22226e-08 6.0241e-07 1.0665e-06 7.65606e-07 2.57002e-07 1.23422e-08 3.5457e-08 1.09995e-07 1.05408e-07 4.571e-08 3.96488e-09 4.83864e-09 2.13092e-08 2.41772e-08
6.6 1.2 8.46055e-05 0.000103222 0.00315966 0.0194506 0.015838 0.401629 0.121289 0.00718653 2.65647e-05 8.72225e-05 7.16214e-05 3.95193e-05 1.37895e-05 2.25359e-06 5.05632e-08 8.1108e-07 1.1972e-06 7.76545e-07 2.28023e-07 5.20708e-09 5.16786e-08 1.25469e-07 1.07993e-07 4.13358e-08 2.07587e-09 7.45686e-09 2.45251e-08 2.49102e-08
6.6 1.25 6.55024e-05 0.00012514 0.00307575 0.0197943 0.0122511 0.384376 0.135595 0.00757381 6.60016e-06 0.000118211 8.41404e-05 4.21413e-05 1.34018e-05 1.84879e-06 1.29578e-07 1.04176e-06 1.31749e-06 7.74763e-07 1.97414e-07 2.28231e-09 7.04705e-08 1.40064e-07 1.08872e-07 3.65261e-08 8.34798e-10 1.05928e-08 2.76037e-08 2.52535e-08
6.6 1.3 4.87938e-05 0.000154304 0.00299447 0.0199283 0.0107033 0.364834 0.150042 0.00800117 1.11938e-05 0.000153074 9.65745e-05 4.42148e-05 1.28108e-05 1.47693e-06 2.71199e-07 1.28807e-06 1.42394e-06 7.60903e-07 1.66456e-07 3.95072e-09 9.12856e-08 1.53366e-07 1.0804e-07 3.14989e-08 3.26039e-10 1.41578e-08 3.04472e-08 2.52057e-08
6.6 1.35 3.48398e-05 0.000188638 0.00290905 0.0198892 0.0110117 0.343353 0.164405 0.00848932 4.5146e-05 0.000191038 0.00010854 4.56681e-05 1.20464e-05 1.16076e-06 4.74525e-07 1.54258e-06 1.51277e-06 7.35845e-07 1.36569e-07 1.03995e-08 1.13527e-07 1.64865e-07 1.05525e-07 2.64432e-08 6.00882e-10 1.80404e-08 3.29272e-08 2.47189e-08
6.6 1.4 2.383e-05 0.000225931 0.00281438 0.0197164 0.0129703 0.320311 0.178455 0.00906024 0.000112584 0.000231165 0.00011966 4.64564e-05 1.11506e-05 9.20075e-07 7.36349e-07 1.79777e-06 1.58156e-06 7.0073e-07 1.09338e-07 2.16028e-08 1.36481e-07 1.74326e-07 1.01541e-07 2.16263e-08 1.67405e-09 2.21184e-08 3.50118e-08 2.38959e-08
6.6 1.45 1.57971e-05 0.000263959 0.00270707 0.0194497 0.0163572 0.2961 0.191961 0.00973653 0.000216681 0.000272379 0.000129583 4.65683e-05 1.01705e-05 7.70274e-07 1.05103e-06 2.0463e-06 1.62906e-06 6.57489e-07 8.58665e-08 3.73138e-08 1.59462e-07 1.81425e-07 9.62706e-08 1.72391e-08 3.52459e-09 2.62622e-08 3.66395e-08 2.27711e-08
6.6 1.5 1.06356e-05 0.000300605 0.00258527 0.0191277 0.0209406 0.271117 0.204698 0.0105409 0.000359384 0.000313499 0.000138 4.60263e-05 9.15389e-06 7.22777e-07 1.40973e-06 2.28028e-06 1.65396e-06 6.08146e-07 6.72697e-08 5.70996e-08 1.81715e-07 1.8604e-07 8.99626e-08 1.34671e-08 6.09869e-09 3.03385e-08 3.77651e-08 2.13897e-08
6.6 1.55 8.12377e-06 0.000333972 0.00244862 0.0187868 0.0264847 0.245758 0.216449 0.0114956 0.000541183 0.000353272 0.000144664 4.48825e-05 8.14837e-06 7.84939e-07 1.80144e-06 2.49225e-06 1.65586e-06 5.5466e-07 5.4455e-08 8.03625e-08 2.02573e-07 1.88057e-07 8.28774e-08 1.04522e-08 9.30983e-09 3.4215e-08 3.83641e-08 1.98091e-08
6.6 1.6 7.9471e-06 0.000362457 0.00229791 0.01846 0.0327561 0.220405 0.227017 0.0126222 0.000760936 0.000390418 0.000149401 4.32121e-05 7.20237e-06 9.59401e-07 2.2149e-06 2.67672e-06 1.63642e-06 4.99646e-07 4.79289e-08 1.06314e-07 2.21385e-07 1.87541e-07 7.53364e-08 8.31428e-09 1.30475e-08 3.77709e-08 3.84348e-08 1.80941e-08
6.6 1.65 9.71942e-06 0.00038482 0.00213493 0.0181758 0.0395281 0.195423 0.236221 0.013941 0.00101577 0.00042367 0.000152118 4.11091e-05 6.36397e-06 1.2441e-06 2.63813e-06 2.82918e-06 1.59735e-06 4.4548e-07 4.80154e-08 1.34131e-07 2.37614e-07 1.84597e-07 6.76277e-08 7.12146e-09 1.7178e-08 4.0899e-08 3.79966e-08 1.63139e-08
6.6 1.7 1.30043e-05 0.000400213 0.00196217 0.017958 0.046586 0.17115 0.243907 0.0154712 0.00130106 0.000451825 0.000152809 3.86847e-05 5.67717e-06 1.63244e-06 3.05709e-06 2.94515e-06 1.5404e-06 3.94139e-07 5.47478e-08 1.62833e-07 2.50819e-07 1.79458e-07 6.0084e-08 6.90798e-09 2.1551e-08 4.35074e-08 3.70877e-08 1.45384e-08
6.6 1.75 1.73368e-05 0.000408181 0.00178264 0.0178254 0.0537312 0.147891 0.249943 0.0172299 0.00161051 0.000473803 0.000151556 3.60652e-05 5.17773e-06 2.11275e-06 3.45755e-06 3.02216e-06 1.46919e-06 3.47954e-07 6.77802e-08 1.91418e-07 2.60649e-07 1.7242e-07 5.29739e-08 7.65776e-09 2.60088e-08 4.5527e-08 3.57626e-08 1.28351e-08
6.6 1.8 2.22468e-05 0.000408641 0.00159963 0.017791 0.0607845 0.125917 0.25423 0.0192325 0.00193631 0.000488717 0.000148527 3.33893e-05 4.89058e-06 2.66798e-06 3.82763e-06 3.06017e-06 1.38782e-06 3.08813e-07 8.65647e-08 2.18971e-07 2.66967e-07 1.63845e-07 4.65849e-08 9.31728e-09 3.03896e-08 4.69144e-08 3.40915e-08 1.12656e-08
6.6 1.85 2.72844e-05 0.000401846 0.00141658 0.0178618 0.0675898 0.105454 0.256696 0.0214916 0.00226942 0.000495941 0.00014397 3.07999e-05 4.82964e-06 3.27699e-06 4.15688e-06 3.05993e-06 1.29951e-06 2.77866e-07 1.10293e-07 2.44502e-07 2.69671e-07 1.5416e-07 4.11157e-08 1.17879e-08 3.45358e-08 4.76476e-08 3.21558e-08 9.88352e-09
6.6 1.9 3.20447e-05 0.000388324 0.00123686 0.0180392 0.0740161 0.0866883 0.257299 0.0240166 0.00259991 0.000495178 0.000138199 2.84353e-05 4.99857e-06 3.91713e-06 4.43505e-06 3.02359e-06 1.2085e-06 2.56311e-07 1.37844e-07 2.67195e-07 2.68904e-07 1.4379e-07 3.67666e-08 1.49391e-08 3.83023e-08 4.77329e-08 3.00443e-08 8.73259e-09
6.6 1.95 3.61895e-05 0.000368831 0.00106371 0.0183184 0.0799595 0.0697583 0.256031 0.0268125 0.0029174 0.000486509 0.000131581 2.64189e-05 5.39121e-06 4.5655e-06 4.65345e-06 2.9557e-06 1.11974e-06 2.44926e-07 1.68076e-07 2.86274e-07 2.64863e-07 1.33233e-07 3.36341e-08 1.86111e-08 4.1557e-08 4.72043e-08 2.7849e-08 7.84412e-09
6.6 2.0 3.94616e-05 0.000344292 0.000900098 0.0186892 0.085344 0.0547564 0.252911 0.0298794 0.00321153 0.000470415 0.000124515 2.48522e-05 5.99139e-06 5.19828e-06 4.80731e-06 2.86151e-06 1.03666e-06 2.43497e-07 1.99635e-07 3.01178e-07 2.5792e-07 1.22891e-07 3.1794e-08 2.26152e-08 4.41962e-08 4.61141e-08 2.56629e-08 7.23631e-09
6.6 2.05 4.16894e-05 0.000315751 0.000748658 0.0191357 0.0901218 0.0417287 0.247993 0.0332107 0.00347254 0.000447776 0.000117416 2.38097e-05 6.7723e-06 5.79065e-06 4.89557e-06 2.74608e-06 9.62142e-07 2.51517e-07 2.30967e-07 3.11589e-07 2.4855e-07 1.13232e-07 3.12216e-08 2.67589e-08 4.61372e-08 4.45398e-08 2.35742e-08 6.91341e-09
6.6 2.1 4.2783e-05 0.000284328 0.000611607 0.0196377 0.0942718 0.0306756 0.241359 0.0367922 0.00369179 0.000419831 0.000110695 2.33365e-05 7.69607e-06 6.31858e-06 4.91875e-06 2.61572e-06 8.99733e-07 2.68404e-07 2.60835e-07 3.17202e-07 2.37274e-07 1.04583e-07 3.18638e-08 3.08322e-08 4.7333e-08 4.25775e-08 2.16624e-08 6.86591e-09
6.6 2.15 4.27254e-05 0.000251188 0.000490716 0.0201714 0.0977983 0.0215546 0.23312 0.0406005 0.0038623 0.00038813 0.000104746 2.34481e-05 8.71463e-06 6.76113e-06 4.87846e-06 2.47833e-06 8.52037e-07 2.92713e-07 2.87882e-07 3.1809e-07 2.24771e-07 9.73081e-08 3.3582e-08 3.4646e-08 4.77677e-08 4.03335e-08 1.99963e-08 7.07115e-09
6.6 2.2 4.15634e-05 0.000217504 0.000387283 0.0207101 0.100728 0.0142836 0.223416 0.0446024 0.00397925 0.000354458 9.99277e-05 2.41296e-05 9.77292e-06 7.10158e-06 4.77966e-06 2.34178e-06 8.20018e-07 3.22474e-07 3.1072e-07 3.14442e-07 2.11621e-07 9.15934e-08 3.62084e-08 3.8008e-08 4.74586e-08 3.79264e-08 1.86315e-08 7.49485e-09
7.0 1.0 0.000140274 0.000281195 0.0019404 0.00931673 0.062755 0.438211 0.0561257 0.0054829 0.000108488 7.75184e-06 1.48833e-05 1.83826e-05 1.14603e-05 4.12672e-06 5.96232e-07 5.79214e-08 4.37006e-07 5.53505e-07 3.23822e-07 7.7873e-08 1.08487e-09 3.94855e-08 7.1913e-08 5.3353e-08 1.64339e-08 1.68929e-10 7.082e-09 1.61691e-08
7.0 1.05 0.000123676 0.000203343 0.00203218 0.0110382 0.0482649 0.436967 0.0648205 0.00591956 7.21717e-05 9.13335e-06 2.15131e-05 2.1803e-05 1.22075e-05 3.95188e-06 4.62286e-07 1.22778e-07 5.49927e-07 6.04682e-07 3.1815e-07 6.36724e-08 3.43535e-09 5.15371e-08 7.94812e-08 5.29683e-08 1.3779e-08 2.18675e-10 9.47152e-09 1.79886e-08
7.0 1.1 0.000106488 0.000137369 0.00212335 0.0127176 0.0357023 0.432949 0.0742219 0.00630311 4.3866e-05 1.43489e-05 2.93335e-05 2.52512e-05 1.2796e-05 3.721e-06 3.5167e-07 2.16877e-07 6.6945e-07 6.49298e-07 3.07533e-07 5.0315e-08 8.54414e-09 6.45989e-08 8.62581e-08 5.17482e-08 1.11796e-08 7.77745e-10 1.20958e-08 1.96375e-08
7.0 1.15 8.92766e-05 8.43807e-05 0.00220589 0.0143222 0.0251149 0.426224 0.0842617 0.00662877 2.74885e-05 2.38651e-05 3.82256e-05 2.86382e-05 1.32138e-05 3.44729e-06 2.72886e-07 3.39708e-07 7.92572e-07 6.8616e-07 2.92566e-07 3.85242e-08 1.64517e-08 7.83391e-08 9.20665e-08 4.97758e-08 8.76442e-09 1.86144e-09 1.48894e-08 2.10762e-08
7.0 1.2 7.25829e-05 4.48339e-05 0.00227266 0.0158294 0.0165135 0.416899 0.0948517 0.00689504 2.69967e-05 3.8023e-05 4.8025e-05 3.18776e-05 1.34547e-05 3.14603e-06 2.33179e-07 4.89806e-07 9.16302e-07 7.14333e-07 2.74041e-07 2.89495e-08 2.71e-08 9.2412e-08 9.67496e-08 4.71318e-08 6.64228e-09 3.46875e-09 1.77813e-08 2.22586e-08
7.0 1.25 5.69024e-05 1.85308e-05 0.00231788 0.017225 0.009875 0.405122 0.105885 0.00710387 4.62742e-05 5.70091e-05 5.85264e-05 3.48895e-05 1.35198e-05 2.83403e-06 2.38378e-07 6.64544e-07 1.03744e-06 7.33401e-07 2.52853e-07 2.21903e-08 4.0321e-08 1.06442e-07 1.00209e-07 4.39578e-08 4.92926e-09 5.57601e-09 2.06938e-08 2.31626e-08
7.0 1.3 4.26697e-05 4.65335e-06 0.00233741 0.0185014 0.00514484 0.39108 0.117238 0.00726061 8.90089e-05 8.08322e-05 6.94917e-05 3.76031e-05 1.34174e-05 2.52852e-06 2.9264e-07 8.60203e-07 1.15276e-06 7.43115e-07 2.30034e-07 1.87166e-08 5.58387e-08 1.20066e-07 1.02392e-07 4.0402e-08 3.71624e-09 8.13977e-09 2.35494e-08 2.37717e-08
7.0 1.35 3.02397e-05 1.84126e-06 0.00232893 0.0196565 0.00224074 0.374991 0.128773 0.00737394 0.000158563 0.000109308 8.06599e-05 3.99582e-05 1.31631e-05 2.24675e-06 3.98317e-07 1.07239e-06 1.25955e-06 7.43655e-07 2.06704e-07 1.88719e-08 7.3298e-08 1.3293e-07 1.03288e-07 3.66241e-08 3.07348e-09 1.10988e-08 2.62728e-08 2.40801e-08
7.0 1.4 1.9871e-05 8.3075e-06 0.00229194 0.0206918 0.00105629 0.357102 0.14034 0.00745565 0.000257834 0.000142051 9.17589e-05 4.19076e-05 1.27797e-05 2.00536e-06 5.55791e-07 1.29614e-06 1.35533e-06 7.3563e-07 1.83891e-07 2.28439e-08 9.2256e-08 1.44717e-07 1.02939e-07 3.27889e-08 3.04672e-09 1.43762e-08 2.8794e-08 2.40933e-08
7.0 1.45 1.17124e-05 2.19838e-05 0.0022277 0.021611 0.00146486 0.33768 0.151781 0.00752044 0.000389109 0.000178477 0.000102517 4.3419e-05 1.22948e-05 1.8195e-06 7.633e-07 1.52579e-06 1.4378e-06 7.198e-07 1.62666e-07 3.06628e-08 1.1222e-07 1.55142e-07 1.01428e-07 2.90594e-08 3.65553e-09 1.78831e-08 3.10511e-08 2.38271e-08
7.0 1.5 5.7986e-06 4.06815e-05 0.0021389 0.0224193 0.00332355 0.317012 0.162936 0.0075856 0.000553916 0.000217817 0.000112674 4.4478e-05 1.17403e-05 1.7019e-06 1.01688e-06 1.75542e-06 1.50546e-06 6.97299e-07 1.4399e-07 4.22014e-08 1.32657e-07 1.63987e-07 9.88818e-08 2.55872e-08 4.89224e-09 2.15222e-08 3.29933e-08 2.33074e-08
7.0 1.55 2.05257e-06 6.22503e-05 0.0020294 0.0231222 0.00647704 0.295392 0.173642 0.00767067 0.000752873 0.000259136 0.000121993 4.5091e-05 1.11504e-05 1.66204e-06 1.31063e-06 1.97944e-06 1.55748e-06 6.69556e-07 1.28639e-07 5.71682e-08 1.53019e-07 1.71086e-07 9.54602e-08 2.25088e-08 6.72269e-09 2.51922e-08 3.45823e-08 2.25681e-08
7.0 1.6 2.98177e-07 8.4719e-05 0.00190377 0.0237252 0.0107614 0.273119 0.183739 0.00779717 0.000985556 0.000301375 0.000130274 4.5285e-05 1.05606e-05 1.7057e-06 1.63711e-06 2.19243e-06 1.59331e-06 6.37969e-07 1.17279e-07 7.51428e-08 1.72778e-07 1.76352e-07 9.13446e-08 1.99349e-08 9.08812e-09 2.87924e-08 3.57937e-08 2.16495e-08
7.0 1.65 2.7885e-07 0.000106403 0.00176694 0.0242333 0.0160076 0.250493 0.193075 0.00798815 0.00125038 0.000343392 0.000137359 4.51061e-05 1.00056e-05 1.83486e-06 1.98768e-06 2.38924e-06 1.61311e-06 6.04104e-07 1.10341e-07 9.55756e-08 1.91422e-07 1.79753e-07 8.67398e-08 1.79516e-08 1.19086e-08 3.22273e-08 3.66178e-08 2.05964e-08
7.0 1.7 1.68111e-06 0.000125972 0.00162382 0.0246509 0.0220449 0.227801 0.201506 0.00826781 0.0015445 0.000384023 0.000143145 4.46148e-05 9.51647e-06 2.04764e-06 2.35274e-06 2.56566e-06 1.61792e-06 5.69611e-07 1.08022e-07 1.1783e-07 2.0852e-07 1.81346e-07 8.18458e-08 1.66107e-08 1.50872e-08 3.54105e-08 3.70589e-08 1.94551e-08
7.0 1.75 4.15979e-06 0.000142477 0.001479 0.0249819 0.028704 0.205323 0.208903 0.00866103 0.00186377 0.000422145 0.00014759 4.38809e-05 9.11934e-06 2.33846e-06 2.7221e-06 2.71857e-06 1.60898e-06 5.3586e-07 1.10333e-07 1.4122e-07 2.23689e-07 1.81224e-07 7.68672e-08 1.59336e-08 1.85151e-08 3.8268e-08 3.71345e-08 1.82718e-08
7.0 1.8 7.36205e-06 0.000155335 0.00133653 0.0252296 0.0358198 0.183318 0.21515 0.00919285 0.00220274 0.000456749 0.000150718 4.2978e-05 8.83364e-06 2.69812e-06 3.08571e-06 2.84551e-06 1.5878e-06 5.04127e-07 1.17037e-07 1.65009e-07 2.36647e-07 1.79556e-07 7.19833e-08 1.59089e-08 2.20769e-08 4.07403e-08 3.68734e-08 1.70896e-08
7.0 1.85 1.09482e-05 0.000164299 0.00119981 0.0253974 0.0432336 0.162025 0.220151 0.00988787 0.00255475 0.000487007 0.000152614 4.19802e-05 8.67212e-06 3.11427e-06 3.43408e-06 2.94499e-06 1.55657e-06 4.75622e-07 1.27716e-07 1.88495e-07 2.47191e-07 1.76531e-07 6.73639e-08 1.64968e-08 2.56564e-08 4.27851e-08 3.63142e-08 1.59479e-08
7.0 1.9 1.46086e-05 0.000169398 0.00107153 0.025488 0.050796 0.141656 0.223828 0.0107695 0.00291201 0.000512336 0.000153423 4.09593e-05 8.64103e-06 3.57212e-06 3.75848e-06 3.01678e-06 1.5176e-06 4.51134e-07 1.41807e-07 2.11001e-07 2.55226e-07 1.72394e-07 6.314e-08 1.76316e-08 2.91415e-08 4.4377e-08 3.55027e-08 1.48803e-08
7.0 1.95 1.80755e-05 0.000170886 0.000953676 0.0255045 0.0583688 0.122397 0.226124 0.0118593 0.00326584 0.000532449 0.000153335 3.99819e-05 8.74004e-06 4.05551e-06 4.0514e-06 3.06182e-06 1.47299e-06 4.31186e-07 1.58584e-07 2.31904e-07 2.60743e-07 1.67386e-07 5.94216e-08 1.92251e-08 3.24286e-08 4.55088e-08 3.44897e-08 1.39137e-08
7.0 2.0 2.11318e-05 0.000169179 0.000847616 0.0254497 0.0658261 0.104403 0.227004 0.0131759 0.00360697 0.000547386 0.000152569 3.9106e-05 8.96183e-06 4.54773e-06 4.30706e-06 3.08175e-06 1.42512e-06 4.16201e-07 1.77244e-07 2.50708e-07 2.63831e-07 1.61781e-07 5.62754e-08 2.11747e-08 3.54272e-08 4.61903e-08 3.33292e-08 1.30678e-08
7.0 2.05 2.36154e-05 0.000164809 0.000754147 0.0253262 0.073057 0.0877994 0.226454 0.0147342 0.00392583 0.000557519 0.000151353 3.83785e-05 9.29167e-06 5.03198e-06 4.52138e-06 3.07882e-06 1.37639e-06 4.06174e-07 1.96939e-07 2.6697e-07 2.64658e-07 1.55826e-07 5.37427e-08 2.33646e-08 3.80623e-08 4.64463e-08 3.2075e-08 1.23546e-08
7.0 2.1 2.54229e-05 0.000158377 0.000673607 0.0251368 0.0799655 0.0726772 0.224482 0.0165443 0.00421304 0.000563541 0.000149908 3.78327e-05 9.70808e-06 5.49187e-06 4.69163e-06 3.05612e-06 1.32867e-06 4.00769e-07 2.16763e-07 2.8039e-07 2.63449e-07 1.49779e-07 5.18217e-08 2.56751e-08 4.02755e-08 4.63153e-08 3.07794e-08 1.17787e-08
7.0 2.15 2.65107e-05 0.000150523 0.000605947 0.0248837 0.0864724 0.059097 0.22112 0.0186105 0.00445982 0.000566434 0.00014844 3.74884e-05 1.01846e-05 5.91234e-06 4.81681e-06 3.0176e-06 1.2836e-06 3.99604e-07 2.35888e-07 2.90815e-07 2.60523e-07 1.43858e-07 5.04878e-08 2.79848e-08 4.20302e-08 4.58489e-08 2.94917e-08 1.13373e-08
7.0 2.2 2.68915e-05 0.00014188 0.000550809 0.0245687 0.092515 0.047087 0.216419 0.0209301 0.00465857 0.00056741 0.000147128 3.73512e-05 1.06922e-05 6.28078e-06 4.89834e-06 2.96743e-06 1.24285e-06 4.02004e-07 2.53527e-07 2.98176e-07 2.56214e-07 1.3827e-07 4.96773e-08 3.01776e-08 4.33096e-08 4.51079e-08 2.82559e-08 1.10208e-08
7.4 1.0 0.000111209 0.000206469 0.000506148 0.00538446 0.0877507 0.395253 0.0493246 0.00320485 0.00021281 2.08609e-05 1.20513e-05 1.26492e-05 8.39763e-06 3.47936e-06 7.591e-07 1.08133e-07 2.73843e-07 3.78172e-07 2.52756e-07 8.12211e-08 8.39221e-09 2.31497e-08 4.74761e-08 4.03833e-08 1.59766e-08 1.67427e-09 3.98662e-09 1.06811e-08
