marxs/missions/mitsnl/data/Si_efficiency_5_7.dat
# %ECSV 0.9
# ---
# datatype:
# - {name: lambda, unit: Angstrom, datatype: float32}
# - {name: theta, unit: deg, datatype: float32}
# - {name: '4', datatype: float32}
# - {name: '3', datatype: float32}
# - {name: '2', datatype: float32}
# - {name: '1', datatype: float32}
# - {name: '0', datatype: float32}
# - {name: '-1', datatype: float32}
# - {name: '-2', datatype: float32}
# - {name: '-3', datatype: float32}
# - {name: '-4', datatype: float32}
# - {name: '-5', datatype: float32}
# - {name: '-6', datatype: float32}
# - {name: '-7', datatype: float32}
# - {name: '-8', datatype: float32}
# - {name: '-9', datatype: float32}
# - {name: '-10', datatype: float32}
# - {name: '-11', datatype: float32}
# - {name: '-12', datatype: float32}
# - {name: '-13', datatype: float32}
# - {name: '-14', datatype: float32}
# - {name: '-15', datatype: float32}
# - {name: '-16', datatype: float32}
# - {name: '-17', datatype: float32}
# - {name: '-18', datatype: float32}
# - {name: '-19', datatype: float32}
# - {name: '-20', datatype: float32}
# - {name: '-21', datatype: float32}
# - {name: '-22', datatype: float32}
# - {name: '-23', datatype: float32}
# meta: !!omap
# - {ORIGFILE: ../inputdata/Si_5p7um_deep_20pct_dc_extended.xlsx}
# - {author: converted by Hans Moritz Guenther}
# - {origin: Ralf Heilmann}
# - description: [null]
# - {comment: 'From: Ralf Heilmann <ralf@space.mit.edu>; Subject: efficiencies for Lynx;
#     Date: Tue, 16 Jan 2018 15:07:37 -0500'}
# schema: astropy-2.0
lambda theta 4 3 2 1 0 -1 -2 -3 -4 -5 -6 -7 -8 -9 -10 -11 -12 -13 -14 -15 -16 -17 -18 -19 -20 -21 -22 -23
[from data line 2517]
2.6 1.85 1.48032e-06 0.000954137 0.00117321 0.0335138 0.00909987 0.0104039 0.0197017 0.00820385 0.056515 0.373873 0.0685027 0.00357495 0.000386716 5.07834e-05 3.48667e-06 7.73311e-06 2.16354e-06 4.98809e-07 8.29141e-07 5.91925e-07 3.49289e-07 1.04427e-07 5.76015e-07 2.1128e-07 1.94537e-07 2.34547e-08 9.83017e-08 4.73467e-08
2.6 1.9 9.08019e-05 0.000166139 0.00067775 0.0336018 0.00487995 0.0166543 0.0162453 0.00459446 0.0246295 0.368412 0.0992488 0.00473608 0.000201637 0.000167063 2.30019e-05 6.98275e-06 1.00679e-06 1.44314e-06 9.74403e-08 1.61642e-06 1.54005e-07 5.76038e-07 6.14796e-07 4.63353e-07 2.24148e-08 5.19252e-08 9.38712e-09 1.0104e-07
2.6 1.95 0.000179764 3.55621e-05 0.00195519 0.0290524 0.0036591 0.0224254 0.0112081 0.00162451 0.00810477 0.342168 0.135142 0.00669723 3.53108e-05 0.000318131 2.1278e-05 5.3378e-06 5.29394e-06 7.7017e-06 7.89522e-07 1.14855e-06 2.02671e-07 5.08564e-07 2.32807e-08 4.38862e-08 7.70995e-08 2.76616e-08 1.78161e-07 9.00367e-08
2.6 2.0 0.000104881 0.000216282 0.00344978 0.0233617 0.00626035 0.0255478 0.00594284 0.000239989 0.00333224 0.298736 0.17401 0.01022 0.000112449 0.000301168 3.35838e-07 1.68708e-05 1.42053e-05 9.31122e-06 1.76155e-06 1.53655e-06 1.06843e-06 3.53856e-07 1.01424e-06 1.56229e-07 1.52202e-07 1.22349e-07 4.12048e-08 1.19947e-07
2.6 2.05 6.11378e-05 0.000318342 0.00374415 0.0208004 0.011327 0.0245268 0.00184854 0.000810015 0.00578218 0.243952 0.212705 0.016103 0.000519816 0.000187241 5.15318e-05 4.32188e-05 1.91787e-05 4.32638e-06 2.79653e-06 7.05641e-07 1.91681e-06 1.6586e-06 6.10245e-07 2.83874e-07 9.19234e-08 2.75202e-07 3.0483e-07 1.04508e-07
2.6 2.1 0.000352119 0.0002363 0.00264971 0.0226821 0.0163862 0.0196016 0.000280723 0.00314081 0.0111071 0.185074 0.247471 0.0247329 0.00116619 0.000167144 0.000239881 5.77678e-05 1.20802e-05 7.34555e-07 3.57092e-06 2.90359e-06 1.94724e-06 1.04321e-06 2.40301e-08 9.96647e-08 4.68332e-07 2.79752e-07 8.65345e-08 7.44655e-08
2.6 2.15 0.000801782 8.35421e-05 0.00110733 0.0263574 0.0199816 0.0128524 0.00211405 0.0065245 0.0159701 0.129391 0.274404 0.0356409 0.00190315 0.00030506 0.000383887 5.49531e-05 6.82571e-06 2.55783e-06 3.74909e-06 9.13647e-06 3.21577e-06 4.80321e-07 9.08621e-07 6.4472e-07 6.78882e-07 5.42025e-07 2.68177e-07 1.57759e-07
2.6 2.2 0.00086451 5.62447e-06 0.000162245 0.0276806 0.0227044 0.00713427 0.00714846 0.00985346 0.018385 0.0827215 0.290227 0.0475439 0.00273319 0.000628913 0.000297988 4.83511e-05 1.2496e-05 1.73787e-05 1.211e-05 8.18723e-06 3.72752e-06 1.31555e-06 1.40831e-06 1.1775e-06 6.86849e-07 3.17179e-07 9.67056e-08 2.39995e-08
2.65 1.0 0.000372644 0.0013992 0.024122 0.00497694 0.126743 0.143839 0.120939 0.283465 0.00414466 0.0258361 0.00282746 0.000181213 0.000140507 5.35503e-05 1.63334e-05 4.57221e-06 1.93163e-06 2.83595e-06 6.77437e-07 5.9437e-07 7.98372e-07 7.80603e-07 3.08864e-07 2.30061e-07 1.44826e-07 1.08025e-07 5.48422e-08 1.34023e-07
2.65 1.05 0.000117457 0.000528078 0.0218538 0.00333783 0.11635 0.117113 0.0943192 0.332912 0.00885286 0.0304246 0.00303332 0.000344907 0.000163225 1.21369e-05 1.19339e-05 8.78863e-06 2.45738e-06 1.42777e-07 3.03798e-06 1.44674e-06 7.57374e-07 1.81103e-07 2.35555e-07 1.5874e-07 1.41336e-07 1.64331e-07 1.38514e-07 2.57141e-08
2.65 1.1 8.16643e-06 0.000192738 0.0175146 0.00596949 0.102227 0.0927187 0.0743793 0.363748 0.0250072 0.03291 0.00289373 0.000415207 0.000135313 4.41638e-05 1.26485e-05 8.34035e-06 3.85858e-06 2.17555e-06 4.41929e-07 1.21814e-06 5.55718e-07 3.89669e-07 1.38438e-07 2.63481e-07 2.4826e-07 1.15902e-07 1.27697e-08 2.81382e-08
2.65 1.15 0.000137954 0.00057178 0.0117725 0.0115899 0.0844081 0.0745503 0.0615209 0.370736 0.055586 0.0327156 0.00262495 0.000382342 0.00023698 0.000142761 2.14017e-05 1.98424e-06 4.48537e-07 1.00901e-06 3.38352e-06 2.19215e-06 5.90244e-07 1.90289e-07 1.98032e-07 3.03975e-07 2.88182e-07 1.31851e-07 7.53157e-08 9.60183e-08
2.65 1.2 0.000328987 0.00140464 0.00652864 0.0182611 0.0641572 0.0644917 0.0540613 0.352691 0.101571 0.030048 0.00248502 0.000388638 0.000431232 0.000205645 2.65395e-05 2.57334e-08 1.57998e-06 1.70052e-06 7.09279e-06 2.2598e-06 1.86595e-07 1.59701e-07 3.13368e-07 6.88831e-07 3.25609e-07 6.52593e-08 1.25987e-08 1.39624e-08
2.65 1.25 0.000367895 0.00226788 0.00379632 0.0235382 0.0436651 0.0622157 0.04927 0.312682 0.161386 0.0257578 0.00267203 0.000551242 0.000552934 0.000168977 2.13638e-05 7.57171e-07 4.79482e-06 8.73897e-06 2.14606e-06 1.25494e-06 3.79177e-07 1.40663e-07 6.83356e-07 3.3104e-07 2.75473e-07 9.0551e-08 1.46499e-08 1.36837e-07
2.65 1.3 0.000246254 0.00282355 0.00421967 0.025346 0.02578 0.0655502 0.0444694 0.257448 0.230407 0.021136 0.00325978 0.000870827 0.00059554 7.6247e-05 1.4372e-05 1.35418e-06 2.74466e-06 8.56732e-06 4.79917e-06 1.93707e-06 1.59471e-07 3.16474e-07 4.33706e-07 1.17814e-06 3.30585e-07 1.18999e-08 1.0594e-07 1.46589e-07
2.65 1.35 0.000100428 0.00289653 0.00660665 0.0230975 0.0132198 0.0711145 0.0379485 0.195707 0.301051 0.0182117 0.00411733 0.00123507 0.000663039 5.17637e-05 1.23907e-05 9.82736e-07 6.25493e-06 5.98334e-06 1.03279e-05 1.51221e-06 6.11527e-08 1.02986e-06 1.52021e-06 2.83583e-07 1.56675e-07 1.42483e-08 1.76312e-08 1.5687e-07
2.65 1.4 1.99014e-05 0.00249645 0.00885548 0.0180654 0.00747653 0.075219 0.0293557 0.135932 0.364082 0.0199485 0.00485445 0.00148973 0.000780111 9.81967e-05 6.88085e-06 9.65152e-06 1.85309e-05 1.22726e-05 3.69524e-06 2.22925e-07 1.06841e-07 3.89355e-07 6.67171e-07 1.08876e-06 1.4255e-07 2.78083e-08 2.93113e-07 3.02731e-07
2.65 1.45 1.48329e-07 0.00180907 0.00948456 0.0126096 0.00810293 0.0748307 0.0195703 0.0846854 0.410609 0.0297338 0.00501554 0.00155368 0.000872527 8.72363e-05 1.83638e-06 2.45773e-05 2.37087e-05 1.42434e-05 1.15921e-06 1.21988e-07 5.55369e-07 2.10096e-06 1.49834e-06 2.087e-07 6.20146e-09 5.85529e-08 1.0142e-07 1.33362e-07
2.65 1.5 5.58172e-06 0.00112288 0.00858866 0.00876046 0.0128724 0.0684078 0.0102885 0.0458767 0.433851 0.0503943 0.00448825 0.00143487 0.000866109 2.03449e-05 1.14877e-05 2.65245e-05 1.73115e-05 6.13827e-06 3.62319e-06 2.71431e-08 1.70413e-06 1.71806e-06 8.63634e-07 4.03555e-07 6.07674e-10 1.87101e-07 4.70325e-07 2.95349e-07
2.65 1.55 1.18653e-05 0.000746765 0.0075106 0.00719781 0.0188158 0.0564066 0.00345422 0.020707 0.430321 0.0832973 0.00371396 0.00115741 0.0007513 2.8965e-05 2.91778e-05 2.20072e-05 1.60225e-05 4.28269e-06 1.8388e-06 7.87628e-07 1.27509e-06 1.4054e-06 5.5002e-07 1.90751e-07 6.43904e-08 1.71449e-07 1.67805e-07 6.04593e-08
2.65 1.6 2.09005e-05 0.000935867 0.00747469 0.00748074 0.0235223 0.0411141 0.000546576 0.00791801 0.400557 0.127742 0.00351952 0.000805065 0.000574004 9.6091e-05 2.89704e-05 2.83029e-05 1.99204e-05 5.10385e-06 7.39413e-07 7.92273e-07 1.73268e-06 1.94144e-06 7.19863e-07 5.34408e-08 7.34919e-08 3.05821e-07 3.40794e-07 1.59689e-07
2.65 1.65 5.50521e-05 0.0017208 0.00838926 0.00916217 0.0258924 0.0257906 0.00192807 0.00438454 0.348996 0.180635 0.00494412 0.000587355 0.000366538 7.98789e-05 1.67021e-05 2.99095e-05 1.08623e-05 2.29032e-06 4.09782e-07 1.15364e-06 1.88942e-06 3.239e-07 1.19702e-08 7.60766e-08 2.28613e-07 2.2226e-07 1.03096e-07 1.33368e-08
2.65 1.7 0.000108931 0.0026958 0.00891459 0.0125448 0.0259209 0.0134425 0.00654665 0.00600374 0.283098 0.236679 0.00923607 0.00071354 0.000166015 1.01354e-05 2.76485e-05 1.94592e-05 1.9295e-06 2.91611e-07 8.32008e-07 2.50436e-06 1.12381e-06 9.05889e-07 1.91582e-07 2.35486e-07 1.63158e-07 2.29916e-07 1.86074e-07 5.09482e-08
2.65 1.75 0.000121518 0.00315398 0.00776186 0.0182224 0.0238845 0.00583201 0.0123101 0.00887299 0.212036 0.289183 0.0177773 0.00123749 9.00165e-05 1.16935e-05 4.82182e-05 1.12226e-05 1.41612e-06 1.35951e-07 3.21405e-06 1.34755e-06 8.80755e-07 5.89399e-07 2.13684e-07 9.54482e-09 2.39279e-07 1.57268e-07 2.03409e-08 4.32565e-09
2.65 1.8 5.4803e-05 0.00266471 0.00501046 0.0256665 0.0198724 0.00329006 0.0170456 0.0103948 0.14479 0.331474 0.031724 0.00206497 0.000180274 3.91809e-05 3.70984e-05 9.16089e-06 3.59101e-06 4.80292e-07 2.22457e-06 6.77897e-07 7.40211e-07 1.16741e-08 8.87283e-08 3.43467e-07 1.8655e-07 8.84548e-08 1.01055e-07 4.15871e-08
2.65 1.85 1.17425e-06 0.00152898 0.00212632 0.0323947 0.0142597 0.00519811 0.0193651 0.00968431 0.0882528 0.358405 0.0515115 0.00306052 0.000257698 3.65298e-05 1.7432e-05 7.97465e-06 4.37999e-06 2.96854e-06 8.68168e-07 1.65111e-06 3.67639e-07 2.23582e-07 8.39399e-08 2.178e-07 1.36354e-07 9.37681e-08 5.41597e-09 2.42283e-08
2.65 1.9 8.88245e-05 0.000511251 0.000643385 0.0351841 0.00850153 0.0103793 0.0188617 0.00718335 0.0462202 0.367197 0.0766653 0.00418727 0.000171643 0.000129404 2.33452e-05 3.38103e-06 2.21225e-06 4.68679e-06 2.85266e-06 1.4409e-06 6.35597e-08 2.87693e-07 6.14827e-07 2.78811e-07 1.99913e-07 1.41853e-08 3.34778e-08 6.9433e-08
2.65 1.95 0.00023034 7.47252e-05 0.000847369 0.0328321 0.00487196 0.0170294 0.0158103 0.00399994 0.0195557 0.357107 0.106214 0.00564707 3.68832e-05 0.00033377 3.92864e-05 9.22458e-09 3.38956e-06 3.06463e-06 4.13682e-06 2.24858e-07 5.62874e-08 4.31166e-07 1.68586e-07 3.82761e-07 1.21807e-08 1.63029e-08 8.93237e-08 5.84876e-08
2.65 2.0 0.000194928 5.26784e-05 0.00179022 0.0276051 0.00489412 0.022756 0.0109791 0.00137614 0.00670168 0.329 0.139142 0.00791999 6.7761e-05 0.00043009 4.42449e-05 4.84167e-06 3.13521e-06 4.83456e-07 1.71649e-06 4.38801e-08 5.3153e-07 1.9666e-07 4.90692e-07 4.57772e-08 8.63791e-08 7.36807e-08 7.72212e-08 1.32634e-07
2.65 2.05 6.64733e-05 8.50508e-05 0.00234781 0.0235273 0.00814135 0.0253235 0.00565882 0.000300273 0.00429289 0.28582 0.174029 0.0116476 0.000350406 0.000336284 2.4306e-05 2.68958e-05 7.37369e-06 4.52884e-06 6.63979e-07 1.37302e-06 1.29943e-06 1.70829e-06 1.11979e-06 2.68932e-07 2.08545e-07 1.35641e-07 2.6178e-07 8.49475e-08
2.65 2.1 0.00023131 4.98934e-05 0.00206694 0.0230945 0.0127125 0.0238018 0.0015205 0.00123202 0.00810146 0.23286 0.208491 0.0173462 0.000815185 0.000268328 4.21518e-05 5.72456e-05 2.18105e-05 1.17693e-05 1.67775e-06 4.8102e-06 1.97873e-06 1.33799e-06 1.07121e-07 3.81397e-07 1.48756e-07 3.48986e-07 1.35967e-07 1.39612e-07
2.65 2.15 0.000715564 6.95867e-06 0.00124143 0.0254353 0.0169569 0.0191348 0.000111825 0.00396276 0.0140752 0.176843 0.239274 0.0250244 0.00134337 0.000426153 0.000151205 6.39398e-05 2.69783e-05 1.27323e-05 6.48237e-06 4.47199e-06 3.23263e-06 7.17858e-07 6.80331e-07 1.69229e-07 6.56207e-07 3.3746e-07 3.46172e-07 1.00462e-07
2.65 2.2 0.00096333 1.10132e-05 0.000464179 0.0273532 0.0208053 0.0135755 0.00217549 0.00763144 0.0190832 0.124397 0.262827 0.0339939 0.0019191 0.000791345 0.000232779 4.75858e-05 1.66232e-05 6.20529e-06 1.07351e-05 3.65797e-06 3.04783e-06 1.75751e-06 1.2668e-06 9.60255e-07 6.10183e-07 5.18723e-07 8.61938e-08 9.36546e-08
2.7 1.0 0.000449591 0.00177078 0.0260594 0.00763338 0.119522 0.147204 0.130941 0.272478 0.00573449 0.0217693 0.00308456 2.36445e-05 2.33959e-05 4.72602e-05 7.21153e-06 6.40149e-06 3.14568e-06 1.09103e-07 1.62978e-06 5.79114e-07 5.58786e-07 4.87952e-07 2.18965e-09 1.47181e-07 4.80325e-08 6.12926e-08 2.43135e-08 1.10863e-07
2.7 1.05 0.000200803 0.00072383 0.0252761 0.0033875 0.112108 0.121493 0.101263 0.326371 0.00678552 0.0266456 0.00345232 0.000151398 9.14545e-05 4.74507e-05 2.04802e-05 4.45669e-06 3.03452e-06 2.49311e-06 5.16906e-07 1.11149e-06 6.51702e-07 3.01216e-07 3.96058e-07 4.23466e-08 1.65935e-07 1.54327e-07 1.24354e-07 1.08241e-08
2.7 1.1 7.67687e-05 0.000117901 0.02162 0.00367394 0.102475 0.0961357 0.0775373 0.364797 0.0174685 0.0297935 0.00331478 0.000317725 8.89774e-05 1.92165e-05 2.77673e-05 4.91288e-06 5.70372e-07 8.56799e-07 1.07879e-06 8.44088e-07 7.01916e-07 1.85632e-07 1.50985e-08 2.44219e-07 1.40314e-07 1.06066e-07 2.52598e-08 3.61407e-08
2.7 1.15 0.00016388 7.38208e-05 0.0157626 0.00785545 0.0890256 0.0751834 0.0613924 0.381806 0.0408964 0.030502 0.00292333 0.000393439 6.92797e-05 3.62117e-05 2.67566e-05 7.67765e-06 1.68612e-07 1.3824e-06 3.9965e-06 1.86979e-06 8.69984e-07 2.82542e-07 2.64835e-07 1.24945e-07 2.76104e-07 2.04371e-07 5.86969e-08 5.63304e-08
2.7 1.2 0.00033057 0.000440353 0.0096415 0.0143064 0.0717049 0.0613867 0.0521237 0.374654 0.0786361 0.0287719 0.00254918 0.00040006 0.000132088 0.000130082 3.20749e-05 9.40623e-06 2.68857e-07 5.52862e-06 1.58792e-06 1.95421e-06 4.91805e-07 3.95351e-09 7.96337e-09 5.26546e-07 2.55536e-07 1.18813e-07 1.07898e-08 6.78498e-09
2.7 1.25 0.000400239 0.00099168 0.00539593 0.0206319 0.0520258 0.055583 0.0473847 0.344506 0.130124 0.0253523 0.00236515 0.00046392 0.000244516 0.00023088 4.00693e-05 4.58256e-06 4.25607e-07 2.4827e-06 3.81127e-06 1.86654e-06 5.3388e-07 6.73461e-08 7.33158e-07 4.36288e-07 4.01527e-07 1.10607e-07 7.49607e-09 1.01857e-07
2.7 1.3 0.000324096 0.00154512 0.00404332 0.0245246 0.0327053 0.0567152 0.0442895 0.296131 0.192348 0.0215147 0.00244298 0.000620556 0.000377508 0.000218665 3.1004e-05 1.08113e-07 4.48742e-06 3.76499e-06 8.71832e-06 2.49821e-06 2.98175e-07 1.11072e-07 2.31126e-07 6.59355e-07 2.6713e-07 4.49693e-08 3.08108e-08 1.12081e-07
2.7 1.35 0.00018378 0.00194466 0.00495663 0.0248132 0.0168803 0.0622025 0.0403707 0.236719 0.2599 0.0188535 0.00275005 0.00080901 0.000578598 0.000106418 1.3574e-05 6.17637e-07 6.92913e-06 1.14891e-05 3.65248e-06 1.25399e-06 1.23238e-08 5.87238e-07 1.0604e-06 8.11622e-07 3.13722e-07 2.43677e-08 3.04655e-08 1.17861e-07
2.7 1.4 8.09729e-05 0.002039 0.00647925 0.0220221 0.00702861 0.0684752 0.0341894 0.174345 0.325313 0.0193784 0.00310431 0.000985804 0.000831974 3.26372e-05 5.46457e-06 9.2871e-08 5.33865e-06 1.10785e-05 3.3835e-06 8.98788e-07 1.08107e-08 2.27313e-07 9.61083e-07 4.76475e-07 1.33393e-07 5.94846e-09 1.16238e-07 2.865e-07
2.7 1.45 3.97009e-05 0.00177708 0.00718349 0.0178978 0.00389277 0.0718639 0.0256904 0.116532 0.379915 0.0257264 0.00321483 0.00114955 0.00102248 3.63895e-05 2.62097e-06 5.94557e-06 1.2248e-05 6.74667e-06 7.69207e-06 5.85137e-07 3.40245e-07 1.6347e-06 9.36548e-07 9.08524e-07 1.03062e-07 2.31317e-08 1.80666e-07 1.15825e-07
2.7 1.5 2.23651e-05 0.00131908 0.00680882 0.0141635 0.00617425 0.0698484 0.0161646 0.0689466 0.415685 0.0408297 0.0029167 0.00127432 0.00105894 3.93301e-05 4.35907e-07 2.4341e-05 2.79511e-05 9.38716e-06 2.65024e-06 8.1779e-08 1.07259e-06 1.36543e-06 1.45954e-06 9.01372e-08 3.59663e-10 1.11729e-07 2.22694e-07 3.37634e-07
2.7 1.55 6.67351e-06 0.000983526 0.00620546 0.0115979 0.0113908 0.0619139 0.00765605 0.0346234 0.427228 0.0668736 0.00239184 0.00124707 0.000941517 2.58573e-05 1.05408e-05 3.23172e-05 2.52976e-05 8.98776e-06 2.50954e-07 2.64046e-07 1.01242e-06 9.49526e-07 4.07626e-07 4.61115e-07 9.60657e-10 1.31035e-07 2.77267e-07 7.75387e-08
2.7 1.6 2.19986e-07 0.00107522 0.00639096 0.0101325 0.0171352 0.0494926 0.0020896 0.0138571 0.412786 0.104289 0.00216809 0.000957168 0.000721336 5.06731e-05 3.18059e-05 2.06279e-05 1.1451e-05 2.93964e-06 1.46447e-06 3.0454e-07 1.96688e-06 2.03116e-06 8.66079e-07 3.33771e-08 9.25731e-08 2.41329e-07 1.86722e-07 1.93746e-07
2.7 1.65 1.20368e-05 0.00169072 0.00748296 0.00969651 0.0218595 0.0351873 0.000490554 0.00454777 0.37456 0.151268 0.00300724 0.000525101 0.000465898 9.01943e-05 3.69925e-05 1.30425e-05 8.21226e-06 9.63606e-07 9.84878e-07 1.15039e-06 1.39788e-06 5.00038e-07 2.12337e-07 7.47365e-08 6.20356e-08 1.89145e-07 2.47527e-07 3.12624e-08
2.7 1.7 3.2984e-05 0.00256325 0.0084593 0.010943 0.0248394 0.0217318 0.00262976 0.0030482 0.318311 0.203861 0.00585711 0.000315735 0.000235148 7.14067e-05 1.98867e-05 1.60561e-05 8.62152e-06 1.60321e-06 1.92944e-06 1.2933e-06 7.93102e-07 7.45337e-07 1.11738e-07 1.30346e-07 1.78381e-07 2.15674e-07 7.60934e-08 5.92665e-08
2.7 1.75 3.89177e-05 0.00311469 0.00803487 0.014946 0.0256203 0.0112203 0.00721994 0.00535104 0.252243 0.256466 0.0118589 0.000604653 7.92347e-05 3.12108e-05 7.49516e-06 1.67765e-05 4.98196e-06 7.50748e-07 1.37236e-06 7.06104e-07 1.24747e-06 6.65166e-07 1.42199e-07 1.78278e-07 1.30209e-07 1.19855e-07 1.28468e-07 1.10899e-08
