marxs/missions/mitsnl/data/SiPt_efficiency_5_7.dat
# %ECSV 0.9
# ---
# datatype:
# - {name: lambda, unit: Angstrom, datatype: float32}
# - {name: theta, unit: deg, datatype: float32}
# - {name: '4', datatype: float32}
# - {name: '3', datatype: float32}
# - {name: '2', datatype: float32}
# - {name: '1', datatype: float32}
# - {name: '0', datatype: float32}
# - {name: '-1', datatype: float32}
# - {name: '-2', datatype: float32}
# - {name: '-3', datatype: float32}
# - {name: '-4', datatype: float32}
# - {name: '-5', datatype: float32}
# - {name: '-6', datatype: float32}
# - {name: '-7', datatype: float32}
# - {name: '-8', datatype: float32}
# - {name: '-9', datatype: float32}
# - {name: '-10', datatype: float32}
# - {name: '-11', datatype: float32}
# - {name: '-12', datatype: float32}
# - {name: '-13', datatype: float32}
# - {name: '-14', datatype: float32}
# - {name: '-15', datatype: float32}
# - {name: '-16', datatype: float32}
# - {name: '-17', datatype: float32}
# - {name: '-18', datatype: float32}
# - {name: '-19', datatype: float32}
# - {name: '-20', datatype: float32}
# - {name: '-21', datatype: float32}
# - {name: '-22', datatype: float32}
# - {name: '-23', datatype: float32}
# meta: !!omap
# - {ORIGFILE: ../inputdata/SiPt_5p7um_deep_20pct_dc_extended.xlsx}
# - {author: converted by Hans Moritz Guenther}
# - {origin: Ralf Heilmann}
# - description: [null]
# - {comment: 'From: Ralf Heilmann <ralf@space.mit.edu>; Subject: Re: efficiencies for
#     Lynx; Date: Tue, 17 Jan 2018 16:59:02 -0500'}
# schema: astropy-2.0
lambda theta 4 3 2 1 0 -1 -2 -3 -4 -5 -6 -7 -8 -9 -10 -11 -12 -13 -14 -15 -16 -17 -18 -19 -20 -21 -22 -23
[from data line 1246]
0.79 2.05 0.000821068 6.55241e-05 0.00326968 0.0222354 0.0160512 0.00519534 0.00810446 0.000400923 0.00339671 0.00237066 0.00133618 0.000247591 0.00035753 0.000807961 0.00129094 0.000787925 0.00111405 5.17086e-05 0.00168867 0.00841426 0.0150658 0.0322211 0.111121 0.0597457 0.00528128 0.00374277 0.000221445 0.000159423
0.79 2.1 0.00068305 0.00174464 0.0134028 0.0156819 0.088568 0.00799409 0.0034108 0.000710895 0.00323919 0.000407432 0.000904568 5.02915e-05 3.70979e-05 4.21458e-05 0.000113284 5.01425e-05 0.000395862 2.48941e-05 0.000677299 0.00146687 0.00182042 0.00257727 0.123456 0.0594205 0.0106032 0.00570621 0.00190632 0.000227711
0.79 2.15 6.1742e-05 0.000545669 0.000658768 0.00500575 0.0502847 0.00236071 0.000129558 0.0018454 5.48846e-05 0.00146388 0.000317579 0.000364165 0.000142801 0.000395383 0.000747935 0.00115551 0.00118775 6.45293e-05 2.53144e-05 0.00408581 0.0166188 0.030974 0.0922643 0.0653926 0.0533988 0.000935315 0.00346024 0.000962642
0.79 2.2 0.000239047 0.001847 0.0109725 0.0441158 0.0237318 0.0035161 0.00320328 0.000668716 0.00203804 0.00439956 0.000566711 0.000795428 0.000593335 0.00100903 0.00146241 0.00171087 0.00136836 0.000230949 0.000647004 0.00735687 0.0143738 0.0170856 0.0167595 0.0594818 0.0955635 0.0116548 0.00268193 0.0023928
0.8 1.0 0.00138269 0.0193058 0.0219589 0.079461 0.120243 0.0772484 0.0098973 0.0230923 0.0188864 0.0180311 0.0168244 0.0366111 0.08424 0.161676 0.0321773 0.0150753 0.00174524 0.000578183 0.000471305 0.00138572 9.81711e-05 0.000914265 0.00021526 0.000261203 6.65668e-05 7.51109e-06 9.00726e-05 6.09398e-05
0.8 1.05 0.00206284 0.00851819 0.0297826 0.0766882 0.0849793 0.0808368 0.0190622 0.0274269 0.0172969 0.0143138 0.00828241 0.0114252 0.045744 0.166929 0.121794 0.0103748 0.00236798 0.00122454 0.000111475 0.00158236 7.78787e-05 0.000371299 3.21491e-05 2.28058e-05 8.9655e-05 1.41384e-05 1.85494e-06 2.75674e-05
0.8 1.1 8.74335e-05 0.008538 0.0322927 0.0499486 0.0601797 0.0888684 0.0248311 0.0246124 0.0135455 0.0122244 0.00614035 0.001547 0.010832 0.133496 0.239241 0.00388206 0.00307482 0.000189781 0.00110244 0.000212008 1.21023e-05 0.00143255 0.000116823 0.000582496 6.38288e-05 4.51693e-05 3.05899e-05 1.67696e-05
0.8 1.15 0.00189976 0.0097117 0.0208898 0.0350921 0.0510526 0.0825083 0.0305235 0.0222581 0.0126078 0.0105045 0.00382586 0.000407362 0.000254516 0.0769186 0.289227 0.043382 0.00253442 0.00315442 0.00198359 0.00202769 0.000371865 0.00157492 4.12668e-05 4.8435e-06 0.000348286 0.000116148 4.70582e-05 1.99882e-05
0.8 1.2 0.00362554 0.00303746 0.0219193 0.0248084 0.0298764 0.0755879 0.0415713 0.0192711 0.00843074 0.0043707 0.000915715 0.00497365 0.00889202 0.0252262 0.222275 0.175155 0.000976066 0.00306191 0.00192308 0.00666746 0.000297615 0.000241563 0.000290852 0.0012348 6.91735e-05 0.000102176 1.31861e-05 3.66446e-06
0.8 1.25 0.000725171 0.00110076 0.0194925 0.00601663 0.0210957 0.0815885 0.043998 0.0107624 0.00446564 0.00228396 0.0024799 0.00751256 0.0130426 0.00363062 0.103751 0.291563 0.0281548 0.000934866 0.0083705 0.00583202 0.000468838 0.000842978 0.000906544 0.000817315 0.000222941 3.76339e-05 0.000110759 0.000149029
0.8 1.3 0.000785372 0.00424753 0.00537501 0.00727917 0.0264721 0.0668325 0.0358072 0.00456688 0.00666195 0.00364422 0.00231811 0.0033084 0.00812367 0.00789413 0.0234386 0.2383 0.16764 0.0113329 0.00817247 0.00162713 0.0036876 0.000448508 0.000101315 0.000350878 2.44326e-05 0.000186725 2.00245e-05 1.80781e-05
0.8 1.35 0.00275844 0.00342137 0.00199868 0.0107679 0.0141784 0.0409975 0.0376901 0.00432603 0.00686133 0.00154087 0.000834943 0.00145254 0.00386336 0.00897002 8.04709e-05 0.0897331 0.356793 0.0120276 0.00174211 0.00643793 0.00185238 4.9436e-05 0.00137907 0.000379936 0.00072058 5.30825e-05 1.98235e-05 2.47351e-06
0.8 1.4 0.000504558 0.000196573 0.004806 0.00447062 0.00470644 0.0324548 0.0356299 0.00239385 0.00390188 0.000715009 0.00177184 0.00135162 0.000381345 0.00180116 0.0101724 0.0105652 0.35799 0.0679715 0.0204291 0.00721066 0.00238165 0.00113565 0.00186097 0.000149431 1.36435e-05 0.000187388 0.000101275 0.000150956
0.8 1.45 0.000631616 0.00134315 0.00398397 0.00762216 0.00247094 0.0163831 0.0227753 0.00505032 0.00479372 0.00127696 0.000716012 0.00035212 0.00255597 0.00300748 0.0186262 0.00649059 0.16949 0.237524 0.01484 0.0058632 0.0156791 0.00053154 1.56843e-05 0.00026859 0.00164311 9.86829e-05 8.36501e-05 8.51936e-07
0.8 1.5 0.00218868 0.00259524 0.000763896 0.00557109 0.00280868 0.0036334 0.0276517 0.0131009 0.00545664 0.000311058 0.00024524 0.00303206 0.0085341 0.00830783 0.0107295 0.0138881 0.0288318 0.308435 0.0249932 0.0301818 0.0130112 0.00149761 0.000592366 0.000825853 0.00101163 0.00013184 1.60181e-07 9.37748e-05
0.8 1.55 0.00131496 0.000693535 0.00315666 0.000513207 0.0137931 0.0106859 0.0335397 0.013727 0.00255081 0.000666736 0.00111044 0.00330491 0.00667514 0.00782054 0.00347042 0.0153598 0.000986253 0.163598 0.205851 0.0247808 0.00203065 0.0078275 0.000146765 0.000243924 0.000724937 0.000169184 2.60439e-05 6.11015e-05
0.8 1.6 0.000261408 0.00044237 0.00852361 0.00101729 0.0119198 0.00782676 0.0223141 0.0160192 0.00293472 0.00237427 0.000368325 0.000612734 0.00283912 0.00736011 0.00596897 0.012064 0.0025208 0.0299052 0.373062 0.0104186 0.0165843 0.00214427 0.00105478 0.000801529 0.00021158 0.00023431 3.97233e-05 0.000194752
0.8 1.65 6.99769e-05 0.000348301 0.00533932 0.000191694 0.0139375 0.00482507 0.0210766 0.0226565 0.00427586 0.00258693 0.000411922 0.00100711 0.00264008 0.00579784 0.0065532 0.00519162 0.00307481 0.0122674 0.248636 0.170828 0.0122061 0.0071072 0.00296247 0.00146581 0.000462536 6.87376e-05 4.32525e-05 0.00010132
0.8 1.7 5.46679e-06 0.00165539 0.000312575 0.00192689 0.0218094 0.0083293 0.0212155 0.0165307 0.00159151 0.00127219 0.000130213 0.000462475 0.000784488 0.00134645 0.00216581 0.000272413 0.00238216 0.00695224 0.0438055 0.405894 0.00617467 0.0303472 0.00177829 0.000290302 0.000296745 0.000633674 2.11909e-05 7.82593e-05
0.8 1.75 0.000563808 0.00321225 0.00181111 0.00143318 0.00706612 0.00262127 0.00745094 0.00732842 0.000319875 0.00227479 0.000703512 0.000359319 0.000308183 0.000224577 0.000108725 0.00113779 0.00174982 0.000366131 0.0102417 0.365022 0.116461 0.013485 0.00887076 3.13051e-05 0.00140011 0.000434811 5.18358e-05 1.9244e-05
0.8 1.8 0.000757505 0.000400623 0.00547851 0.000336057 0.00720311 0.000636495 0.00168632 0.00951518 0.00127694 0.00345754 0.00148828 0.00110715 0.00114872 0.00107796 0.000286641 0.00215908 0.000633768 0.00429867 0.0231887 0.11467 0.29821 0.00725326 0.0258943 0.000931679 0.000658246 0.000372336 0.000336196 0.000309934
0.8 1.85 0.000220907 0.00158156 0.00750264 0.00604832 0.0158878 0.000699263 0.00449729 0.00847263 0.00034914 0.00176368 0.000296647 7.71458e-05 9.91357e-05 0.000215248 4.38015e-05 0.000550952 0.000219554 0.00146971 0.00348472 0.00407787 0.336901 0.0860847 0.00711599 0.00252746 0.000431402 0.000168941 0.000295259 3.97776e-05
0.8 1.9 0.00184912 0.00199312 0.00134335 0.00721079 0.0073634 0.000588063 0.00441109 0.00172492 0.000647273 0.000241432 0.000117844 0.000625824 0.000546796 0.000227095 0.000208635 7.35599e-05 0.00193187 0.000481326 0.00625041 0.0319228 0.182773 0.178678 0.0189833 0.00994149 0.00122388 0.000694456 1.64874e-05 5.9642e-05
0.8 1.95 0.000407765 2.4136e-05 0.00628413 0.00197129 0.0149452 0.00235971 0.00118086 0.00178793 0.00228436 0.000348257 0.000361495 0.000829884 0.000666582 0.000368964 0.000515129 0.000503343 0.00170109 0.00119782 0.00965106 0.0237658 0.027885 0.213794 0.0929951 0.00870593 0.00074846 4.74791e-06 1.69251e-05 4.25238e-05
0.8 2.0 0.000499666 0.00164512 0.0132353 0.00443198 0.0360946 0.000378598 0.00215375 0.00461173 0.000668602 0.000806934 1.59204e-05 7.11653e-05 0.000199185 0.000371868 0.000679386 0.000404005 0.000636469 0.000221988 0.00250287 0.0041499 0.00430905 0.174139 0.122988 0.0124804 0.00513556 0.0017186 0.000173603 0.000139492
0.8 2.05 0.000873663 0.000535028 0.0011751 0.0143389 0.0117189 0.00211523 0.00807814 0.00251396 0.000727319 0.00205122 0.000542241 0.000202985 0.000508481 0.000890591 0.0012614 0.000682648 0.000946852 6.15325e-05 0.00187969 0.00834532 0.019851 0.079631 0.109632 0.0515568 0.00884592 0.00261344 0.000294692 0.000430271
0.8 2.1 0.000746276 0.000716575 0.0105554 0.0264817 0.0455642 0.00795133 0.00641181 2.66421e-05 0.00370208 0.00184366 0.00123033 0.00017839 0.000179651 0.000356834 0.000705625 0.000462539 0.000688088 0.000120944 0.0013969 0.00470899 0.00503344 0.005121 0.116168 0.0590462 0.00285319 0.00463358 0.0010903 0.000224525
0.8 2.15 0.000139981 0.00130917 0.00757356 0.00432758 0.0917995 0.00479617 0.000748754 0.00198084 0.00180849 9.01252e-06 0.000528308 3.21224e-05 4.33984e-05 9.18564e-05 0.000198374 0.000247429 0.000552445 1.20508e-05 0.000163413 0.00211358 0.00744015 0.0154957 0.118143 0.0556575 0.0305714 0.00384134 0.00262672 0.00058245
0.8 2.2 0.000187834 0.00105169 0.00200421 0.0240489 0.0131047 0.00197463 0.00122334 0.00222729 0.000104734 0.00276452 0.000605147 0.000697172 0.000295354 0.000654266 0.00119196 0.00154267 0.00158551 8.5019e-05 0.000356394 0.00670892 0.0178342 0.0296893 0.0566062 0.0560369 0.0733898 0.00169291 0.00234448 0.00158096
0.81 1.0 0.000653447 0.0221517 0.0219305 0.0696344 0.121567 0.080803 0.00806613 0.0200639 0.0175519 0.0187975 0.0199665 0.0480565 0.0985805 0.153398 0.0173818 0.0143298 0.00114297 0.0004057 0.000807764 0.000693792 0.000328177 0.000582322 0.000495502 0.000120176 0.000143532 1.40715e-05 4.52571e-05 2.50353e-05
0.81 1.05 0.00253798 0.011109 0.0223447 0.0739032 0.0928748 0.07848 0.0175412 0.0268226 0.0186374 0.0165709 0.0105347 0.0167006 0.0598627 0.170876 0.0909326 0.0126768 0.00211799 0.00162847 0.000344901 0.00137109 0.000232845 0.000413084 1.7939e-05 0.000200361 6.56062e-06 3.38718e-05 3.725e-05 5.17541e-06
0.81 1.1 0.000974601 0.00684247 0.0299794 0.0538017 0.0617343 0.0853945 0.0247035 0.0249746 0.0141946 0.0129921 0.00701943 0.00316377 0.0193288 0.143769 0.215264 0.00367116 0.00434399 0.000323143 0.000641186 0.000545078 7.54166e-05 0.000888799 0.000337365 0.000224762 0.000211569 9.02781e-07 4.83289e-05 6.12336e-05
0.81 1.15 0.000428705 0.0102159 0.0197044 0.03249 0.0507753 0.0837295 0.0289989 0.0209967 0.0126461 0.0119059 0.00551345 0.000145102 0.000368098 0.0888215 0.302354 0.0194687 0.00434728 0.00176829 0.00226528 0.000658609 9.06526e-05 0.00184604 0.00013147 0.000229684 7.9599e-05 6.61543e-05 2.69938e-05 1.59214e-05
0.81 1.2 0.00330165 0.00582018 0.0163478 0.0262667 0.0341028 0.0704968 0.0384561 0.0188436 0.0102575 0.00654895 0.00145231 0.00285833 0.00611765 0.0340305 0.262716 0.12963 0.0015421 0.00518994 0.00233532 0.00495094 0.000538891 0.000569737 7.79384e-05 0.000586447 0.000429012 6.0098e-05 6.66844e-05 3.37775e-05
0.81 1.25 0.00245089 0.000712867 0.0195927 0.00957721 0.0165892 0.0721656 0.046106 0.0125842 0.0053044 0.00195917 0.00136346 0.00690672 0.0137808 0.00559356 0.139327 0.280071 0.00964931 0.000818473 0.00605869 0.00694427 1.99491e-06 0.000736173 0.000336849 0.00152154 3.36768e-06 6.27866e-05 3.76753e-05 7.94616e-05
0.81 1.3 7.36119e-05 0.00335526 0.00917224 0.0026201 0.0207887 0.0698192 0.0394128 0.00507682 0.00552536 0.00305278 0.00266135 0.0045892 0.00979098 0.00607601 0.0396393 0.285508 0.105795 0.00741677 0.0110784 0.00321777 0.00213707 0.00103878 0.00023273 0.000233607 0.000159771 5.37085e-05 0.000114033 3.11371e-05
0.81 1.35 0.00193647 0.00548861 0.00112158 0.00912212 0.0162769 0.0438547 0.0361375 0.00426889 0.00766267 0.00230316 0.000909817 0.00126543 0.00458832 0.0108731 0.00223812 0.138414 0.304638 0.013829 0.00281484 0.00391768 0.00297675 4.42695e-05 0.000449146 0.000900327 0.000219036 0.000146331 1.59938e-05 2.68814e-05
0.81 1.4 0.00117837 0.00153266 0.00365755 0.00420222 0.00404639 0.0301051 0.0386553 0.00353388 0.00465424 0.000363017 0.00126156 0.00162146 0.00123655 0.0040979 0.00464006 0.0226146 0.39278 0.0375559 0.0123115 0.00822935 0.000321929 0.000527355 0.00217021 0.000353994 0.000109102 3.35317e-05 1.32387e-06 1.5079e-05
0.81 1.45 4.48308e-05 0.000502279 0.00586403 0.00424457 0.00228945 0.0215404 0.0259497 0.00274361 0.00309972 0.000938692 0.00121789 0.00040573 0.000716039 0.000823991 0.015424 0.00328141 0.242963 0.176997 0.0234191 0.00467559 0.00990643 0.000892585 0.00057952 0.000370306 0.00079983 0.000307071 0.000150624 0.000112013
0.81 1.5 0.00128413 0.00351528 0.00260709 0.00668086 0.00134882 0.00427026 0.019844 0.0102143 0.00471143 0.000651015 2.60686e-05 0.0015773 0.00651171 0.0068913 0.0131088 0.0123568 0.0622475 0.316499 0.00831126 0.0191671 0.0155612 0.000192225 0.000358155 0.0002416 0.001611 5.8572e-05 4.22656e-05 7.04101e-05
0.81 1.55 0.00108931 0.0019288 0.001179 0.00180254 0.0117168 0.00524578 0.0294974 0.0147001 0.00315109 0.000165169 0.000790048 0.00379478 0.00817704 0.00860515 0.00418727 0.0143482 0.00262918 0.238844 0.115225 0.0334538 0.00402426 0.00523402 0.000616714 0.000597169 0.000416403 0.000176302 1.67225e-06 2.89953e-05
0.81 1.6 0.000419005 0.000294925 0.00767064 0.00117571 0.0156207 0.00845422 0.0233976 0.013619 0.00166491 0.00184365 0.000648795 0.00125775 0.00323607 0.00669884 0.00441591 0.013011 0.00271583 0.0704033 0.330664 0.00598175 0.00863473 0.00494347 0.000670135 0.000192544 0.000689568 0.000128921 9.8816e-06 6.81195e-05
0.81 1.65 0.000298708 0.000197792 0.0077756 0.000472474 0.0103106 0.00274921 0.0154859 0.0203847 0.00392271 0.00345929 0.000476998 0.000461747 0.0021407 0.00623074 0.00785424 0.00780995 0.00459704 0.0147697 0.327826 0.0785977 0.0171142 0.00103439 0.00228394 0.00192055 0.00027123 5.92612e-05 0.00012019 0.000149369
0.81 1.7 0.000156869 0.000876495 0.00135491 0.00151719 0.0216079 0.00603732 0.0197628 0.0216569 0.00309144 0.00238518 0.000447552 0.000789988 0.00159229 0.00296884 0.00467028 0.00151345 0.00381297 0.0113271 0.111625 0.320199 0.000999316 0.0223938 0.00201091 0.00099546 0.000506989 0.000594532 7.96081e-05 0.000157399
0.81 1.75 0.000176289 0.00293312 0.000677864 0.00264835 0.0151808 0.00509778 0.0130554 0.0103102 0.000376933 0.0016379 0.000175614 0.000102527 8.18421e-05 0.000125906 0.000500529 0.000385294 0.00158821 0.00104569 0.00806015 0.423308 0.0499928 0.0245256 0.00350499 0.000127163 0.000706899 0.000609498 3.83263e-05 4.90625e-05
0.81 1.8 0.00128794 0.00152822 0.00369866 6.95381e-05 0.00288068 0.00103654 0.00203378 0.00705747 0.00129548 0.00361339 0.00147074 0.00115388 0.000991161 0.000924656 0.00026655 0.00272505 0.000981999 0.00413848 0.0236263 0.223888 0.218603 0.0008528 0.0202351 0.000209286 0.00145011 0.000303358 0.000120022 5.39054e-05
0.81 1.85 0.000323015 0.000273564 0.00694966 0.00360354 0.0142352 0.00119159 0.00253254 0.0102112 0.00133063 0.00298687 0.000815972 0.000525463 0.000572871 0.000774687 0.000305026 0.00150142 8.28647e-05 0.00351421 0.0119297 0.0269803 0.344673 0.0409668 0.0181474 0.00170187 1.17088e-05 6.25651e-05 0.000303766 0.000133899
0.81 1.9 0.0012435 0.00233097 0.00455909 0.00811662 0.0116938 0.000298242 0.00569613 0.00529577 4.68399e-05 0.000744874 1.69181e-05 0.000159481 0.00011859 7.68431e-05 2.15629e-06 5.71e-05 0.00112195 1.77968e-05 0.00292066 0.0163715 0.266607 0.136685 0.00256954 0.00596593 0.00157347 0.000443041 3.32657e-05 8.8517e-05
0.81 1.95 0.0016472 0.000464507 0.00110287 0.00346497 0.00636736 0.00250813 0.00400546 0.000654073 0.00163051 0.000104065 0.000588964 0.00106523 0.000777219 0.000349816 0.000322874 0.000482738 0.00201071 0.0015198 0.0111174 0.0331804 0.0865262 0.202881 0.0563787 0.010283 0.00143963 0.000183539 3.69559e-05 9.81249e-05
0.81 2.0 9.305e-06 0.000679936 0.0123287 0.00280538 0.0288812 0.0016502 0.000541041 0.00368464 0.00231181 0.000440492 0.000290625 0.000342568 0.000299507 0.000298705 0.000597017 0.00064323 0.000809915 0.000835375 0.00593664 0.0104099 0.00237551 0.199579 0.116274 0.00552925 0.00193716 0.000914106 0.000140142 8.47834e-07
