marxs/missions/mitsnl/data/SiPt_efficiency_5_7.dat
# %ECSV 0.9
# ---
# datatype:
# - {name: lambda, unit: Angstrom, datatype: float32}
# - {name: theta, unit: deg, datatype: float32}
# - {name: '4', datatype: float32}
# - {name: '3', datatype: float32}
# - {name: '2', datatype: float32}
# - {name: '1', datatype: float32}
# - {name: '0', datatype: float32}
# - {name: '-1', datatype: float32}
# - {name: '-2', datatype: float32}
# - {name: '-3', datatype: float32}
# - {name: '-4', datatype: float32}
# - {name: '-5', datatype: float32}
# - {name: '-6', datatype: float32}
# - {name: '-7', datatype: float32}
# - {name: '-8', datatype: float32}
# - {name: '-9', datatype: float32}
# - {name: '-10', datatype: float32}
# - {name: '-11', datatype: float32}
# - {name: '-12', datatype: float32}
# - {name: '-13', datatype: float32}
# - {name: '-14', datatype: float32}
# - {name: '-15', datatype: float32}
# - {name: '-16', datatype: float32}
# - {name: '-17', datatype: float32}
# - {name: '-18', datatype: float32}
# - {name: '-19', datatype: float32}
# - {name: '-20', datatype: float32}
# - {name: '-21', datatype: float32}
# - {name: '-22', datatype: float32}
# - {name: '-23', datatype: float32}
# meta: !!omap
# - {ORIGFILE: ../inputdata/SiPt_5p7um_deep_20pct_dc_extended.xlsx}
# - {author: converted by Hans Moritz Guenther}
# - {origin: Ralf Heilmann}
# - description: [null]
# - {comment: 'From: Ralf Heilmann <ralf@space.mit.edu>; Subject: Re: efficiencies for
#     Lynx; Date: Tue, 17 Jan 2018 16:59:02 -0500'}
# schema: astropy-2.0
lambda theta 4 3 2 1 0 -1 -2 -3 -4 -5 -6 -7 -8 -9 -10 -11 -12 -13 -14 -15 -16 -17 -18 -19 -20 -21 -22 -23
[from data line 3087]
5.2 1.6 9.78231e-05 0.000331532 0.00293584 0.00572481 0.0798184 0.0250959 0.318776 0.0803288 0.00153271 0.000182373 0.000215525 6.77765e-05 3.6585e-05 1.94448e-05 9.58305e-06 4.67268e-06 2.81111e-06 2.15537e-06 1.64372e-06 1.06074e-06 5.85934e-07 3.42368e-07 2.69233e-07 2.37037e-07 1.7777e-07 1.05212e-07 5.604e-08 3.9478e-08
5.2 1.65 0.000105037 0.00032861 0.00289948 0.00534846 0.0789849 0.0155242 0.308586 0.0920746 0.00169789 0.000272463 0.0002493 8.17118e-05 4.27336e-05 2.11497e-05 1.00505e-05 5.13095e-06 3.37018e-06 2.58508e-06 1.84272e-06 1.11272e-06 6.12609e-07 3.94353e-07 3.28845e-07 2.75092e-07 1.90115e-07 1.07453e-07 6.14265e-08 4.87639e-08
5.2 1.7 0.000108983 0.000325377 0.00281436 0.00564097 0.0771812 0.00908537 0.295055 0.104223 0.00182491 0.000413049 0.000286266 9.6984e-05 4.86163e-05 2.25935e-05 1.05122e-05 5.7119e-06 4.01375e-06 3.02082e-06 2.01519e-06 1.15169e-06 6.47049e-07 4.58916e-07 3.93055e-07 3.1033e-07 1.99235e-07 1.09753e-07 6.88638e-08 5.93921e-08
5.2 1.75 0.000109636 0.000323073 0.00268167 0.00655153 0.0745427 0.00554269 0.278567 0.116551 0.00191399 0.000613938 0.000325573 0.000113176 5.4e-05 2.37739e-05 1.10126e-05 6.43159e-06 4.7273e-06 3.44479e-06 2.15684e-06 1.18154e-06 6.92566e-07 5.35415e-07 4.59497e-07 3.41553e-07 2.05259e-07 1.12732e-07 7.85178e-08 7.10345e-08
5.2 1.8 0.00010725 0.000322603 0.00250603 0.00800824 0.0712561 0.00457172 0.259583 0.128808 0.00197126 0.000883562 0.000366293 0.000129747 5.86883e-05 2.47076e-05 1.16025e-05 7.29913e-06 5.49248e-06 3.84223e-06 2.26528e-06 1.20596e-06 7.51305e-07 6.22462e-07 5.25823e-07 3.67439e-07 2.08567e-07 1.16985e-07 9.03777e-08 8.32811e-08
5.2 1.85 0.000102284 0.000324368 0.00229487 0.0099227 0.0675447 0.00578035 0.238626 0.140725 0.00200897 0.00122827 0.00040749 0.000146057 6.25325e-05 2.54352e-05 1.23278e-05 8.3089e-06 6.28368e-06 4.19788e-06 2.33875e-06 1.22928e-06 8.24886e-07 7.17979e-07 5.89153e-07 3.87366e-07 2.09702e-07 1.23026e-07 1.0429e-07 9.56718e-08
5.2 1.9 9.53226e-05 0.000328176 0.00205787 0.012195 0.0636541 0.00873059 0.216259 0.15202 0.0020453 0.00165163 0.000448277 0.000161401 6.5447e-05 2.60216e-05 1.3221e-05 9.44185e-06 7.07039e-06 4.49745e-06 2.37976e-06 1.25674e-06 9.138e-07 8.18782e-07 6.4731e-07 4.00747e-07 2.09428e-07 1.31262e-07 1.19945e-07 1.07711e-07
5.2 1.95 8.69978e-05 0.000333268 0.00180615 0.0147185 0.0598368 0.0129612 0.193065 0.162414 0.00210386 0.00215385 0.00048786 0.000175088 6.74202e-05 2.65456e-05 1.42986e-05 1.06714e-05 7.82528e-06 4.73253e-06 2.39288e-06 1.29225e-06 1.01709e-06 9.21799e-07 6.97758e-07 4.07769e-07 2.08509e-07 1.41912e-07 1.36879e-07 1.18917e-07
5.2 2.0 7.79333e-05 0.000338423 0.00155149 0.0173849 0.0563376 0.0180099 0.169626 0.171635 0.00221267 0.00273128 0.00052558 0.000186516 6.85132e-05 2.70844e-05 1.55626e-05 1.19634e-05 8.52369e-06 4.89836e-06 2.38254e-06 1.3394e-06 1.13309e-06 1.02305e-06 7.3904e-07 4.08658e-07 2.07826e-07 1.55038e-07 1.54561e-07 1.28866e-07
5.2 2.05 6.87024e-05 0.000342148 0.00130547 0.0200885 0.0533804 0.0234341 0.146502 0.179436 0.00240275 0.00337621 0.000560942 0.000195251 6.88447e-05 2.77043e-05 1.70026e-05 1.32743e-05 9.13963e-06 4.9928e-06 2.3562e-06 1.40115e-06 1.2589e-06 1.11919e-06 7.69749e-07 4.04347e-07 2.0809e-07 1.70488e-07 1.72366e-07 1.37196e-07
5.2 2.1 5.98022e-05 0.000342912 0.00107871 0.0227298 0.0511577 0.0288292 0.124209 0.185599 0.00270636 0.0040769 0.000593651 0.000201081 6.85683e-05 2.84572e-05 1.86004e-05 1.45605e-05 9.65235e-06 5.01924e-06 2.32159e-06 1.47837e-06 1.39093e-06 1.207e-06 7.89525e-07 3.95674e-07 2.0999e-07 1.87968e-07 1.89697e-07 1.43663e-07
5.2 2.15 5.16328e-05 0.000339392 0.000880166 0.0252188 0.0498224 0.0338428 0.103202 0.189951 0.0031549 0.00481795 0.00062367 0.000204045 6.78456e-05 2.93792e-05 2.03315e-05 1.57892e-05 1.00525e-05 4.98387e-06 2.28376e-06 1.57104e-06 1.52543e-06 1.28355e-06 7.98272e-07 3.83891e-07 2.13918e-07 2.07017e-07 2.05981e-07 1.48127e-07
5.2 2.2 4.44759e-05 0.000330688 0.000716545 0.0274775 0.0494817 0.0381862 0.0838652 0.192367 0.00377653 0.00558099 0.000651276 0.000204414 6.68207e-05 3.04876e-05 2.21642e-05 1.69357e-05 1.0336e-05 4.89304e-06 2.24903e-06 1.6781e-06 1.65839e-06 1.34698e-06 7.96379e-07 3.69917e-07 2.20118e-07 2.27059e-07 2.20666e-07 1.50507e-07
5.4 1.0 4.56075e-05 0.000324799 0.00496905 0.0419463 0.0578894 0.33514 0.161038 0.0033915 0.000532488 1.00255e-05 1.81982e-05 1.44375e-05 5.39158e-06 8.73512e-07 1.65839e-07 6.83477e-07 8.65927e-07 5.54728e-07 1.76943e-07 1.88659e-08 4.87682e-08 1.04675e-07 9.67421e-08 4.63851e-08 9.17239e-09 5.38498e-09 1.64352e-08 1.97676e-08
5.4 1.05 4.29405e-05 0.000268362 0.00440499 0.0406941 0.0520743 0.314599 0.182198 0.00486485 0.000452169 6.42418e-06 2.53018e-05 1.56895e-05 4.64648e-06 3.71893e-07 2.70763e-07 9.70991e-07 1.00968e-06 5.35951e-07 1.19425e-07 5.85562e-09 7.52538e-08 1.30181e-07 1.00893e-07 3.77472e-08 3.48232e-09 7.53127e-09 2.10687e-08 2.13642e-08
5.4 1.1 3.92475e-05 0.000215065 0.00402631 0.0386202 0.0489949 0.291289 0.203191 0.00680641 0.000384956 6.49725e-06 3.31324e-05 1.66298e-05 3.92179e-06 8.99402e-08 5.41706e-07 1.30529e-06 1.13924e-06 5.06821e-07 7.35802e-08 1.12837e-08 1.11356e-07 1.55607e-07 1.02548e-07 2.94466e-08 4.45846e-10 1.1796e-08 2.60599e-08 2.24586e-08
5.4 1.15 3.47849e-05 0.00016794 0.00381038 0.0358647 0.0482994 0.265835 0.223557 0.00928496 0.000334832 1.02942e-05 4.14786e-05 1.73223e-05 3.31837e-06 6.65325e-08 9.71757e-07 1.67111e-06 1.25087e-06 4.72675e-07 4.45657e-08 3.56806e-08 1.55293e-07 1.79712e-07 1.02125e-07 2.23868e-08 4.03356e-10 1.79588e-08 3.11385e-08 2.30463e-08
5.4 1.2 2.9897e-05 0.000129417 0.00372966 0.0325901 0.0495895 0.238903 0.242832 0.0123647 0.000304574 1.80213e-05 5.01664e-05 1.78745e-05 2.9413e-06 3.30051e-07 1.54782e-06 2.0526e-06 1.34291e-06 4.40394e-07 3.66245e-08 7.87159e-08 2.04939e-07 2.01732e-07 1.00229e-07 1.7373e-08 3.54395e-09 2.57168e-08 3.6066e-08 2.31733e-08
5.4 1.25 2.49861e-05 0.000101147 0.00375356 0.0289722 0.0524384 0.211175 0.260568 0.0161023 0.000295486 3.01917e-05 5.90578e-05 1.84252e-05 2.89342e-06 8.99267e-07 2.25023e-06 2.43566e-06 1.41739e-06 4.17025e-07 5.31238e-08 1.39161e-07 2.58196e-07 2.21024e-07 9.76492e-08 1.51965e-08 9.90563e-09 3.47106e-08 4.06376e-08 2.29313e-08
5.4 1.3 2.0467e-05 8.39354e-05 0.0038501 0.0251917 0.0564091 0.183326 0.276341 0.0205437 0.00030726 4.77446e-05 6.80411e-05 1.91341e-05 3.26891e-06 1.78164e-06 3.05337e-06 2.80853e-06 1.47838e-06 4.09416e-07 9.64669e-08 2.15139e-07 3.12844e-07 2.37362e-07 9.53508e-08 1.64867e-08 1.93688e-08 4.45371e-08 4.46923e-08 2.24468e-08
5.4 1.35 1.67224e-05 7.77664e-05 0.0039876 0.0214255 0.0610721 0.156004 0.289772 0.0257209 0.000337991 7.21111e-05 7.70217e-05 2.0179e-05 4.14733e-06 2.9699e-06 3.92749e-06 3.16081e-06 1.531e-06 4.24813e-07 1.67905e-07 3.03941e-07 3.66846e-07 2.50873e-07 9.43317e-08 2.1776e-08 3.16751e-08 5.47759e-08 4.81391e-08 2.18847e-08
5.4 1.4 1.4066e-05 8.1923e-05 0.00413608 0.0178397 0.0660213 0.129807 0.300533 0.0316496 0.000384342 0.000105218 8.59208e-05 2.17545e-05 5.58835e-06 4.44093e-06 4.84243e-06 3.4854e-06 1.58286e-06 4.69983e-07 2.67137e-07 4.0244e-07 4.18474e-07 2.61947e-07 9.5729e-08 3.13715e-08 4.64183e-08 6.50178e-08 5.0943e-08 2.14366e-08
5.4 1.45 1.27212e-05 9.51515e-05 0.00426859 0.0145832 0.070888 0.105267 0.30836 0.0383266 0.000441873 0.000149432 9.46886e-05 2.40697e-05 7.6275e-06 6.15828e-06 5.77133e-06 3.78129e-06 1.6439e-06 5.50067e-07 3.92809e-07 5.07245e-07 4.66285e-07 2.71488e-07 1.00524e-07 4.54301e-08 6.3108e-08 7.48875e-08 5.31434e-08 2.13041e-08
5.4 1.5 1.28149e-05 0.000115845 0.00436226 0.0117824 0.0753531 0.082839 0.313059 0.0457274 0.000505481 0.000207459 0.000103332 2.73363e-05 1.02738e-05 8.0757e-06 6.69056e-06 4.05212e-06 1.72478e-06 6.69234e-07 5.42528e-07 6.14736e-07 5.09421e-07 2.80468e-07 1.09757e-07 6.38448e-08 8.115e-08 8.40808e-08 5.4861e-08 2.16944e-08
5.4 1.55 1.43877e-05 0.000142206 0.00439908 0.00953682 0.0791566 0.062885 0.314514 0.0538054 0.000569904 0.00028221 0.00011195 3.17525e-05 1.351e-05 1.01389e-05 7.5772e-06 4.30231e-06 1.8363e-06 8.30753e-07 7.11963e-07 7.21218e-07 5.47293e-07 2.90314e-07 1.24173e-07 8.63226e-08 9.98592e-08 9.23035e-08 5.62385e-08 2.28014e-08
5.4 1.6 1.74084e-05 0.000172372 0.00436658 0.00791695 0.0821044 0.0456688 0.312689 0.0624906 0.00063027 0.000376665 0.000120781 3.74824e-05 1.72958e-05 1.22893e-05 8.41115e-06 4.53833e-06 1.98946e-06 1.03492e-06 8.96183e-07 8.23186e-07 5.80274e-07 3.02414e-07 1.44431e-07 1.12327e-07 1.18589e-07 9.94176e-08 5.75131e-08 2.48042e-08
5.4 1.65 2.17858e-05 0.000204479 0.00425808 0.00696265 0.0840713 0.0313523 0.30763 0.0716897 0.000682611 0.00049375 0.000130237 4.46402e-05 2.15736e-05 1.44693e-05 9.18e-06 4.7729e-06 2.1941e-06 1.27918e-06 1.09009e-06 9.18028e-07 6.09074e-07 3.18343e-07 1.70792e-07 1.41183e-07 1.36689e-07 1.05367e-07 5.89472e-08 2.78397e-08
5.4 1.7 2.73665e-05 0.000236682 0.00407285 0.00668325 0.0850022 0.0199941 0.299462 0.0812865 0.00072433 0.000636226 0.00014092 5.32753e-05 2.62727e-05 1.66265e-05 9.88084e-06 5.02463e-06 2.45729e-06 1.56033e-06 1.28722e-06 1.00376e-06 6.34702e-07 3.39551e-07 2.03296e-07 1.71988e-07 1.53585e-07 1.1022e-07 6.08293e-08 3.19997e-08
5.4 1.75 3.39276e-05 0.000267176 0.00381587 0.00705888 0.0849095 0.0115542 0.288387 0.0911436 0.000754588 0.000806572 0.000153595 6.3365e-05 3.13112e-05 1.87116e-05 1.05166e-05 5.31251e-06 2.78348e-06 1.87349e-06 1.48115e-06 1.07845e-06 6.58914e-07 3.67179e-07 2.41579e-07 2.03786e-07 1.68763e-07 1.14109e-07 6.34362e-08 3.73075e-08
5.4 1.8 4.11721e-05 0.000294213 0.00349727 0.00804287 0.083868 0.00589999 0.274678 0.101104 0.000774616 0.00100686 0.000169152 7.48165e-05 3.65928e-05 2.0675e-05 1.10938e-05 5.65253e-06 3.17488e-06 2.20995e-06 1.66598e-06 1.14144e-06 6.83461e-07 4.02327e-07 2.84974e-07 2.35478e-07 1.8183e-07 1.1726e-07 6.70212e-08 4.37352e-08
5.4 1.85 4.87352e-05 0.000316149 0.00313145 0.00956518 0.0820069 0.00281672 0.258669 0.110996 0.000787923 0.00123861 0.000188538 8.7476e-05 4.20038e-05 2.2468e-05 1.16247e-05 6.05893e-06 3.63034e-06 2.55983e-06 1.83572e-06 1.19297e-06 7.10333e-07 4.45465e-07 3.3255e-07 2.6603e-07 1.92509e-07 1.19964e-07 7.18069e-08 5.11937e-08
5.4 1.9 5.62069e-05 0.000331517 0.00273597 0.0115367 0.0794998 0.00202049 0.240745 0.120634 0.000800412 0.00150264 0.000212678 0.000101144 4.74127e-05 2.40516e-05 1.21297e-05 6.5455e-06 4.14465e-06 2.91415e-06 1.9856e-06 1.23371e-06 7.41736e-07 4.96967e-07 3.83039e-07 2.94381e-07 2.00705e-07 1.22578e-07 7.7969e-08 5.95309e-08
5.4 1.95 6.317e-05 0.000339135 0.00233017 0.0138543 0.0765532 0.00317331 0.221333 0.129828 0.000820349 0.00179885 0.000242408 0.000115593 5.26738e-05 2.54028e-05 1.26344e-05 7.12389e-06 4.70989e-06 3.26212e-06 2.11182e-06 1.26529e-06 7.79403e-07 5.56532e-07 4.35087e-07 3.19607e-07 2.06402e-07 1.25465e-07 8.56041e-08 6.85467e-08
5.4 2.0 6.92393e-05 0.000338198 0.00193368 0.0164056 0.0733936 0.00589964 0.200883 0.138384 0.0008582 0.00212609 0.000278404 0.000130576 5.76309e-05 2.6513e-05 1.31662e-05 7.80079e-06 5.31574e-06 3.59129e-06 2.21093e-06 1.28994e-06 8.2516e-07 6.23496e-07 4.86987e-07 3.40843e-07 2.09791e-07 1.29013e-07 9.47522e-08 7.79951e-08
5.4 2.05 7.40868e-05 0.000328379 0.00156501 0.0190752 0.0702545 0.00980384 0.179858 0.146115 0.000926303 0.00248201 0.000321147 0.000145838 6.21226e-05 2.73857e-05 1.37525e-05 8.57651e-06 5.94765e-06 3.89106e-06 2.28149e-06 1.31018e-06 8.80364e-07 6.96812e-07 5.37158e-07 3.57458e-07 2.11139e-07 1.33586e-07 1.05356e-07 8.75792e-08
5.4 2.1 7.74492e-05 0.000309907 0.00124021 0.0217494 0.067363 0.0144874 0.158718 0.152843 0.00103839 0.00286302 0.000370889 0.00016111 6.59951e-05 2.80381e-05 1.44216e-05 9.44589e-06 6.58694e-06 4.15187e-06 2.32356e-06 1.32929e-06 9.45815e-07 7.74708e-07 5.83711e-07 3.68944e-07 2.10891e-07 1.39512e-07 1.17275e-07 9.6988e-08
5.4 2.15 7.91229e-05 0.000283617 0.000971862 0.0243213 0.0649285 0.0195655 0.137905 0.15841 0.00120895 0.00326424 0.000427646 0.000176105 6.9121e-05 2.85087e-05 1.52013e-05 1.04017e-05 7.21537e-06 4.36414e-06 2.33772e-06 1.35054e-06 1.02208e-06 8.55567e-07 6.25222e-07 3.75146e-07 2.09548e-07 1.47065e-07 1.30307e-07 1.05904e-07
5.4 2.2 7.89636e-05 0.000250968 0.000768382 0.0266946 0.0631323 0.0246814 0.117827 0.162681 0.00145243 0.00367968 0.00049121 0.000190515 7.14171e-05 2.88567e-05 1.61146e-05 1.14358e-05 7.81655e-06 4.52078e-06 2.32709e-06 1.37709e-06 1.1088e-06 9.3688e-07 6.59988e-07 3.76008e-07 2.07707e-07 1.56423e-07 1.44148e-07 1.14004e-07
5.6 1.0 0.000126097 0.000685982 0.00550401 0.0382234 0.0558613 0.356846 0.14497 0.00330575 0.00034505 7.49583e-05 2.33072e-05 1.38441e-05 5.2045e-06 1.12708e-06 4.97907e-07 8.99331e-07 9.56926e-07 5.83852e-07 1.96632e-07 4.53236e-08 7.49477e-08 1.21832e-07 1.04505e-07 5.00562e-08 1.3205e-08 1.04463e-08 2.09238e-08 2.25472e-08
5.6 1.05 0.00011508 0.000589127 0.00493051 0.0380289 0.0482665 0.339624 0.164325 0.00433728 0.000356669 8.31571e-05 2.78273e-05 1.57868e-05 4.95241e-06 6.81221e-07 5.00462e-07 1.13167e-06 1.11718e-06 5.99991e-07 1.53894e-07 2.68655e-08 9.29883e-08 1.46227e-07 1.12869e-07 4.4894e-08 7.79382e-09 1.13341e-08 2.50183e-08 2.47273e-08
5.6 1.1 0.00010157 0.00048827 0.00455364 0.0370141 0.0434768 0.319427 0.183739 0.00574186 0.000368302 9.56258e-05 3.32722e-05 1.76051e-05 4.57468e-06 3.15843e-07 6.27e-07 1.41998e-06 1.27383e-06 6.01485e-07 1.11616e-07 1.97355e-08 1.1998e-07 1.72163e-07 1.19049e-07 3.8779e-08 3.65805e-09 1.39019e-08 2.96808e-08 2.65538e-08
5.6 1.15 8.63394e-05 0.000388821 0.00435088 0.0352764 0.0412435 0.296745 0.20284 0.00757469 0.000379457 0.000113254 3.9483e-05 1.92321e-05 4.10882e-06 7.53157e-08 8.86118e-07 1.7555e-06 1.42078e-06 5.89472e-07 7.37589e-08 2.58142e-08 1.55291e-07 1.98449e-07 1.2285e-07 3.21897e-08 1.22943e-09 1.81531e-08 3.47128e-08 2.79359e-08
5.6 1.2 7.0267e-05 0.000295451 0.00429395 0.0329409 0.041261 0.272118 0.221246 0.00988628 0.000389782 0.000137023 4.6249e-05 2.0619e-05 3.60849e-06 2.10446e-09 1.28163e-06 2.12695e-06 1.5517e-06 5.66228e-07 4.43805e-08 4.64573e-08 1.97914e-07 2.24037e-07 1.24203e-07 2.57342e-08 8.8319e-10 2.40149e-08 3.99002e-08 2.88184e-08
5.6 1.25 5.42584e-05 0.000211883 0.00435077 0.0301523 0.0431809 0.246118 0.238579 0.0127204 0.000399072 0.000167953 5.33192e-05 2.17396e-05 3.14319e-06 1.34792e-07 1.81143e-06 2.52071e-06 1.66136e-06 5.35172e-07 2.75401e-08 8.2386e-08 2.46366e-07 2.47781e-07 1.23299e-07 2.00506e-08 2.91642e-09 3.13239e-08 4.50068e-08 2.91696e-08
5.6 1.3 3.91815e-05 0.000140814 0.00448734 0.0270669 0.0466275 0.219333 0.254479 0.016112 0.00040724 0.000207036 6.04235e-05 2.25988e-05 2.79631e-06 5.06541e-07 2.46565e-06 2.92213e-06 1.74763e-06 5.0121e-07 2.7118e-08 1.33597e-07 2.98978e-07 2.68841e-07 1.20479e-07 1.58314e-08 7.52378e-09 3.98445e-08 4.98184e-08 2.90075e-08
5.6 1.35 2.58129e-05 8.39234e-05 0.00466947 0.023845 0.0512123 0.192347 0.268608 0.0200858 0.000414291 0.000255157 6.73015e-05 2.32389e-05 2.66096e-06 1.1419e-06 3.22684e-06 3.31652e-06 1.81005e-06 4.69995e-07 4.64102e-08 1.99317e-07 3.53758e-07 2.86487e-07 1.16363e-07 1.37313e-08 1.47752e-08 4.92763e-08 5.41369e-08 2.83899e-08
5.6 1.4 1.48013e-05 4.19546e-05 0.00486436 0.0206436 0.0565489 0.165724 0.280663 0.0246542 0.000420287 0.000313016 7.37403e-05 2.37447e-05 2.83369e-06 2.05304e-06 4.07279e-06 3.69054e-06 1.84957e-06 4.47742e-07 8.79255e-08 2.78077e-07 4.0876e-07 3.00366e-07 1.11678e-07 1.43691e-08 2.46168e-08 5.92758e-08 5.78079e-08 2.74173e-08
5.6 1.45 6.64392e-06 1.48288e-05 0.00504198 0.0176101 0.062266 0.139992 0.290384 0.0298167 0.000425333 0.00038106 7.96138e-05 2.42424e-05 3.40605e-06 3.23894e-06 4.98021e-06 4.03362e-06 1.87058e-06 4.41147e-07 1.53258e-07 3.67779e-07 4.62085e-07 3.10431e-07 1.07352e-07 1.82442e-08 3.68695e-08 6.94787e-08 6.07311e-08 2.62273e-08
