marxs/missions/mitsnl/data/SiPt_efficiency_5_7.dat
# %ECSV 0.9
# ---
# datatype:
# - {name: lambda, unit: Angstrom, datatype: float32}
# - {name: theta, unit: deg, datatype: float32}
# - {name: '4', datatype: float32}
# - {name: '3', datatype: float32}
# - {name: '2', datatype: float32}
# - {name: '1', datatype: float32}
# - {name: '0', datatype: float32}
# - {name: '-1', datatype: float32}
# - {name: '-2', datatype: float32}
# - {name: '-3', datatype: float32}
# - {name: '-4', datatype: float32}
# - {name: '-5', datatype: float32}
# - {name: '-6', datatype: float32}
# - {name: '-7', datatype: float32}
# - {name: '-8', datatype: float32}
# - {name: '-9', datatype: float32}
# - {name: '-10', datatype: float32}
# - {name: '-11', datatype: float32}
# - {name: '-12', datatype: float32}
# - {name: '-13', datatype: float32}
# - {name: '-14', datatype: float32}
# - {name: '-15', datatype: float32}
# - {name: '-16', datatype: float32}
# - {name: '-17', datatype: float32}
# - {name: '-18', datatype: float32}
# - {name: '-19', datatype: float32}
# - {name: '-20', datatype: float32}
# - {name: '-21', datatype: float32}
# - {name: '-22', datatype: float32}
# - {name: '-23', datatype: float32}
# meta: !!omap
# - {ORIGFILE: ../inputdata/SiPt_5p7um_deep_20pct_dc_extended.xlsx}
# - {author: converted by Hans Moritz Guenther}
# - {origin: Ralf Heilmann}
# - description: [null]
# - {comment: 'From: Ralf Heilmann <ralf@space.mit.edu>; Subject: Re: efficiencies for
#     Lynx; Date: Tue, 17 Jan 2018 16:59:02 -0500'}
# schema: astropy-2.0
lambda theta 4 3 2 1 0 -1 -2 -3 -4 -5 -6 -7 -8 -9 -10 -11 -12 -13 -14 -15 -16 -17 -18 -19 -20 -21 -22 -23
[from data line 49]
0.149 2.2 0.000183057 0.000207406 0.00266274 0.0060539 0.847007 0.00425915 0.00143089 0.000102325 0.000115143 0.000444201 0.000462178 0.000223837 3.8646e-05 1.70119e-06 1.77339e-06 1.95154e-05 7.69007e-05 6.77645e-05 9.88301e-06 3.90621e-06 2.2776e-06 3.10765e-05 3.49787e-05 5.27519e-06 2.24832e-06 2.45264e-06 1.0109e-06 5.87849e-06
0.174 1.0 0.00267375 0.00136238 0.0241901 0.216435 0.246039 0.222909 0.0324339 0.00692858 0.00321387 0.000600646 0.00249095 0.00162707 0.00308849 0.00053731 0.000105968 1.22095e-05 0.000500691 0.000804563 0.000382645 9.60091e-05 1.58929e-05 0.000112556 0.000340567 0.000435312 0.000287479 7.30547e-05 3.07457e-06 0.000133443
0.174 1.05 0.00156438 0.00236224 0.0214046 0.204227 0.284236 0.216383 0.0283396 0.00243872 0.00471276 0.00101829 0.00193744 0.00185485 0.0015967 0.000142431 0.000235536 0.000134624 0.000755351 0.000576958 0.000535163 0.000354305 3.52901e-05 5.75284e-05 0.000241141 0.000300952 0.000211336 7.54089e-05 9.514e-06 4.80556e-05
0.174 1.1 0.000906581 0.00360757 0.0186551 0.191343 0.321557 0.204144 0.0241813 0.00101851 0.00493853 0.00192686 0.000928069 0.00197862 0.000512492 0.000721676 0.000196694 0.000280001 0.000277211 0.000526351 0.000493608 7.41925e-05 1.79398e-05 0.000122493 0.000244041 0.000310586 0.000218345 6.12708e-05 2.96351e-07 6.03278e-05
0.174 1.15 0.000712301 0.00477206 0.0173501 0.172574 0.362973 0.191247 0.0214212 0.00137199 0.00397873 0.00257709 0.000295838 0.0017503 0.000685412 0.00108483 4.02621e-05 0.000201295 0.000266262 0.000599872 0.000200112 5.98919e-05 1.07394e-05 4.4507e-05 0.000179002 0.0001795 7.94818e-05 8.61435e-06 8.64384e-06 5.68283e-05
0.174 1.2 0.000765702 0.00496344 0.0174613 0.153703 0.395858 0.172391 0.0186344 0.00235397 0.00265906 0.00226335 0.000401504 0.00128971 0.00125769 0.000379785 0.000166899 3.32099e-05 0.000572189 0.000340205 0.000325037 0.000173589 3.37151e-06 0.000105885 0.000150513 0.000174759 0.000142586 4.63824e-05 4.54816e-07 3.13617e-05
0.174 1.25 0.00106331 0.00492983 0.0176179 0.140813 0.423478 0.153272 0.0173218 0.00360547 0.00151803 0.0014061 0.00141932 0.000970189 0.00121015 2.42862e-06 0.000231907 0.000153921 0.000251335 0.000276885 0.000275194 6.5447e-06 2.47169e-05 3.40942e-05 0.000141473 0.000153422 5.75393e-05 4.19127e-06 5.63047e-06 3.23487e-05
0.174 1.3 0.00125684 0.00445232 0.016827 0.124927 0.467518 0.142143 0.0174814 0.00472683 0.000932641 0.000582893 0.00226961 0.000690592 0.000590298 0.000356364 0.000152551 0.000382666 0.000188515 0.000432916 8.02437e-05 6.68509e-05 5.55766e-06 9.95424e-05 0.000125691 0.000103328 9.13467e-05 2.72341e-05 7.66512e-07 2.8529e-05
0.174 1.35 0.00113148 0.00341853 0.0165135 0.10818 0.507079 0.124941 0.0170625 0.00515234 0.000700016 0.00030119 0.00232171 0.000677285 0.000280909 0.000665708 0.000162412 9.89285e-05 0.000274581 0.000196909 0.000244582 9.19713e-05 1.68089e-05 2.94497e-05 8.57247e-05 0.000112702 2.95885e-05 1.21785e-06 8.74508e-06 2.68735e-05
0.174 1.4 0.000960891 0.0023875 0.0157406 0.092098 0.5442 0.108159 0.0169071 0.00504638 0.000818206 0.000635492 0.00144523 0.0010037 0.0004806 0.000341626 0.000226362 2.81046e-05 0.000364647 0.000235445 0.000200352 6.32371e-06 1.6367e-05 4.57234e-05 0.000105895 5.52283e-05 5.32249e-05 1.61886e-05 5.44224e-06 2.44512e-05
0.174 1.45 0.000821857 0.00150375 0.0144225 0.0764337 0.581103 0.0920605 0.0165573 0.00438192 0.00111804 0.00136369 0.000401749 0.00126795 0.00064693 6.30031e-06 0.000170827 0.00036239 0.000174974 0.000285979 4.79365e-05 9.18504e-05 1.90967e-05 8.76478e-05 8.79417e-05 0.000134699 4.03932e-05 4.87739e-06 2.45278e-06 1.36417e-05
0.174 1.5 0.000809833 0.000868802 0.0126674 0.0613011 0.61706 0.0763944 0.0157736 0.0033852 0.00123049 0.00209349 6.80702e-05 0.00109419 0.000532445 0.000141158 0.000118704 0.00032634 0.000146801 0.000175414 0.000194227 1.97393e-05 3.43946e-05 3.42457e-05 0.000119664 5.70344e-05 5.82471e-05 9.71457e-06 8.51379e-06 2.45682e-05
0.174 1.55 0.000917623 0.000470495 0.0108029 0.0477768 0.649058 0.0612649 0.0144397 0.00236899 0.00111747 0.00215287 0.000710519 0.000552751 0.000307599 0.000314393 0.000217284 7.91603e-06 0.000375076 0.000157861 7.86611e-05 3.58743e-05 7.9999e-06 7.65619e-05 4.81873e-05 7.75451e-05 1.16536e-05 6.19022e-06 2.27721e-06 2.27411e-05
0.174 1.6 0.00101537 0.000254616 0.00887825 0.0364013 0.677046 0.0477432 0.012675 0.00149502 0.000951615 0.00151642 0.00157456 0.000226521 0.000199368 0.000203934 0.000181351 0.000196978 0.000186294 0.000169124 4.7968e-05 5.11498e-05 5.35867e-05 1.60924e-05 6.60599e-05 2.28468e-05 2.45567e-05 2.2319e-06 1.61206e-05 1.65522e-05
0.174 1.65 0.000927906 0.000164052 0.00689855 0.026719 0.70357 0.0363708 0.0108058 0.00086522 0.00081607 0.00068986 0.00186954 0.000378348 0.000205165 3.75888e-05 7.11888e-05 0.000389538 5.14711e-05 0.000136543 0.000106715 8.33382e-06 4.65734e-06 7.52248e-05 5.06002e-05 5.64135e-05 7.94744e-06 1.6224e-06 3.5592e-06 2.76427e-05
0.174 1.7 0.000671334 0.000131334 0.00499869 0.0185438 0.728403 0.0266941 0.00887714 0.00046998 0.000806261 0.0001404 0.00136569 0.000716976 0.000211574 2.62188e-05 0.00014041 0.000110519 0.000279973 7.61327e-05 2.27836e-05 3.19219e-05 4.80167e-05 3.67351e-05 5.41625e-05 2.57418e-05 2.48799e-05 5.9223e-06 1.03349e-05 1.13064e-05
0.174 1.75 0.000382294 0.000104009 0.00325929 0.0118808 0.750098 0.018525 0.00689399 0.000255543 0.000914504 0.000233378 0.000478115 0.000774489 0.000168809 8.18144e-05 0.000242323 4.89287e-05 0.000210101 9.61168e-05 3.01511e-05 2.93547e-05 3.10265e-05 3.91024e-05 4.50903e-05 3.39285e-05 3.26162e-06 1.69838e-06 8.79063e-06 1.82604e-05
0.174 1.8 0.000153652 6.35946e-05 0.00178639 0.00670964 0.767437 0.011866 0.00499283 0.000165215 0.00101058 0.000929633 5.18652e-06 0.000437652 0.000107466 9.53325e-05 9.98025e-05 0.000359597 1.87218e-05 0.000101143 4.20494e-05 1.41881e-05 3.016e-05 6.85351e-05 2.90918e-05 1.55038e-05 1.09668e-05 4.71535e-06 3.62091e-06 1.29451e-05
0.174 1.85 2.9083e-05 2.26456e-05 0.000721686 0.00307216 0.779174 0.00669805 0.00325319 0.000132327 0.000921381 0.00168966 0.00035944 8.03905e-05 5.94715e-05 7.67592e-05 2.54081e-05 0.000239712 0.000220713 3.3194e-05 4.07166e-06 1.71466e-05 7.12066e-05 1.95173e-05 5.23163e-05 2.15676e-05 1.35496e-06 5.88061e-08 1.192e-05 8.89329e-06
0.174 1.9 6.88015e-06 6.25903e-07 0.000133109 0.000914095 0.785653 0.00306445 0.00178078 0.000104561 0.000665159 0.00192926 0.00111422 0.000104823 3.82002e-05 5.06748e-05 0.000212896 1.09726e-06 0.000217144 7.20234e-05 1.77625e-05 3.01815e-05 1.53663e-06 9.33309e-05 1.84474e-05 1.38009e-05 7.71888e-06 7.9505e-06 5.3812e-06 1.44158e-05
0.174 1.95 5.17301e-05 1.378e-05 1.90408e-05 5.26076e-05 0.788976 0.000910296 0.000717743 6.36382e-05 0.000377879 0.00156745 0.00152854 0.000427743 4.96514e-05 3.72573e-05 0.00027353 0.000226867 1.71332e-05 8.20152e-05 1.29955e-05 1.18095e-05 8.16226e-05 5.18557e-06 5.73586e-05 1.50785e-05 7.75278e-09 5.18113e-07 1.50346e-05 9.77322e-06
0.174 2.0 0.000121104 6.48277e-05 0.000333749 0.000287999 0.790999 5.19161e-05 0.00013142 2.24785e-05 0.000151207 0.000898943 0.0013045 0.000652686 8.13172e-05 2.86943e-05 9.58027e-05 0.000348864 0.000150421 2.3832e-05 5.38572e-06 1.12791e-05 1.93869e-05 8.42135e-05 1.13204e-05 1.54152e-05 7.24076e-06 6.88473e-06 1.61427e-06 1.32707e-05
0.174 2.05 0.000176501 0.000137523 0.00097084 0.00140648 0.791973 0.000289795 1.96068e-05 5.80149e-07 2.82809e-05 0.000292359 0.000672048 0.000543283 9.98842e-05 2.37701e-05 1.82036e-05 8.63439e-05 0.000219609 6.08617e-05 1.878e-05 1.45473e-05 2.90697e-05 1.52755e-05 4.70011e-05 1.03521e-05 1.14378e-07 1.4549e-06 1.25788e-05 3.63511e-06
0.174 2.1 0.000201196 0.000217079 0.00180873 0.00318202 0.790815 0.00141024 0.000336288 1.40424e-05 7.04394e-06 1.51966e-05 0.000121815 0.000211624 7.24974e-05 1.42124e-05 0.000123759 3.6308e-05 2.50868e-05 5.99227e-05 8.82373e-06 9.51249e-06 3.63961e-05 4.22646e-05 5.76068e-06 1.0745e-05 5.11721e-06 4.51608e-06 1.24592e-06 9.47494e-06
0.174 2.15 0.000208327 0.000284781 0.0027565 0.00547169 0.78654 0.00318714 0.000974805 6.54094e-05 5.22148e-05 0.000118782 3.6219e-05 2.36949e-06 1.62465e-05 8.39425e-06 0.000136084 0.000228812 7.37911e-05 4.77836e-06 2.91886e-06 1.72036e-05 7.556e-06 2.75212e-05 3.53238e-05 4.77623e-06 1.46893e-07 2.05708e-06 8.67415e-06 4.73533e-06
0.174 2.2 0.00021029 0.000308922 0.00369424 0.00819437 0.779666 0.00547787 0.00181352 0.000138335 0.000121399 0.000453616 0.000412332 0.000147368 1.5003e-05 8.66231e-06 3.49761e-05 0.000160312 0.000203102 6.70457e-05 1.39399e-05 1.32197e-05 5.20466e-05 2.34549e-05 1.05114e-05 1.39896e-05 4.35611e-06 4.5361e-06 5.57192e-06 6.14231e-06
0.199 1.0 0.0035262 0.00164105 0.0371193 0.205115 0.135696 0.204927 0.0426414 0.0112927 0.00277645 0.000314108 0.00289594 0.00193289 0.00402493 0.00157132 8.22473e-05 0.000120066 0.000515958 0.00137472 0.00134779 0.000586299 4.85031e-05 0.00010365 0.00053302 0.000834791 0.00068105 0.000280087 2.86981e-05 6.29431e-05
0.199 1.05 0.0018675 0.00345006 0.0329084 0.201626 0.162559 0.205334 0.0398795 0.00453702 0.00566498 0.000232189 0.00186285 0.00163998 0.00265439 0.000294471 0.000260088 3.92577e-05 0.000704992 0.00105913 0.000640875 0.000248321 4.51042e-05 0.000105804 0.000404821 0.000649106 0.000589027 0.000270794 2.00672e-05 0.000105777
0.199 1.1 0.000933406 0.00544331 0.0283435 0.19584 0.192962 0.202324 0.0382202 0.00216276 0.00647924 0.00108703 0.000948171 0.00274567 0.00154406 0.000583528 0.000360457 0.000130773 0.00049875 0.00047275 0.000543726 0.000304941 1.74464e-05 8.059e-05 0.000288392 0.000345608 0.00021 4.50095e-05 9.29703e-06 8.88249e-05
0.199 1.15 0.000746821 0.00715303 0.0249461 0.184375 0.229367 0.196724 0.0340597 0.0011683 0.00505597 0.00221231 0.000736889 0.00285441 0.000643065 0.00117309 3.55794e-05 0.000448952 0.00052777 0.000977988 0.000924367 0.000259497 4.6112e-06 0.000119858 0.000347266 0.000498938 0.000423092 0.000186007 1.63403e-05 6.68442e-05
0.199 1.2 0.00119833 0.00777534 0.0230345 0.168565 0.269893 0.186475 0.0296929 0.00267546 0.00434232 0.00197693 0.000364948 0.00178453 0.00113424 0.00114172 1.85144e-05 4.64659e-05 0.000384031 0.000640532 0.00022962 9.20108e-05 1.87612e-05 8.19698e-05 0.000272336 0.000308526 0.000166797 2.64376e-05 1.06416e-05 9.03506e-05
0.199 1.25 0.00160703 0.00742044 0.0213524 0.153455 0.307676 0.170676 0.0256756 0.00457998 0.00275537 0.00170423 0.00117051 0.00124139 0.0019013 0.00023456 0.000215744 4.36531e-05 0.0006484 0.000424492 0.000397498 0.000238708 7.39143e-06 8.73937e-05 0.000188849 0.000210941 0.000158582 5.9053e-05 3.40347e-06 3.92581e-05
0.199 1.3 0.00167335 0.00665408 0.0198897 0.135941 0.349052 0.155642 0.0235158 0.0065314 0.00136702 0.00109386 0.00182934 0.00090287 0.00153259 3.65409e-05 0.000179864 0.000264182 0.000306456 0.000480835 0.000437288 3.99861e-05 2.03013e-05 5.44214e-05 0.000182923 0.000247106 0.0001433 2.61304e-05 4.30755e-06 5.36402e-05
0.199 1.35 0.00157988 0.00482809 0.0197246 0.116256 0.388033 0.138641 0.0218204 0.00767342 0.000757441 0.000445963 0.00251681 0.00110784 0.000645306 0.000680075 8.921e-05 0.000288557 0.000204759 0.000527127 0.000129936 8.66761e-05 3.28869e-06 9.47366e-05 0.000194922 0.000149654 8.88349e-05 2.98247e-05 6.77233e-06 4.34538e-05
0.199 1.4 0.00130031 0.00329275 0.0180634 0.102828 0.415423 0.118683 0.0201377 0.00763417 0.000903136 0.000409726 0.00204563 0.0011581 0.000309271 0.000797932 0.000139149 6.49031e-05 0.000469167 0.000286673 0.000314984 0.0001218 1.29816e-05 6.70724e-05 0.000122237 0.000192537 0.000113179 1.52133e-05 5.96919e-06 4.66091e-05
0.199 1.45 0.00121853 0.00216071 0.0156713 0.0856107 0.458883 0.103207 0.0198855 0.00722745 0.00145829 0.00108743 0.000993891 0.00150697 0.000852252 0.000278895 0.000260869 5.93362e-05 0.000348991 0.000314208 0.000272595 1.07305e-05 2.08809e-05 4.223e-05 0.000143556 8.52472e-05 3.56154e-05 1.11473e-05 1.48404e-06 2.32221e-05
0.199 1.5 0.00126019 0.00106133 0.0138656 0.0693525 0.506587 0.0890507 0.0184033 0.00569515 0.00170544 0.00210598 0.000150283 0.00133955 0.000998308 6.58313e-06 0.000132249 0.000440267 0.000220354 0.000429704 6.73976e-05 9.14269e-05 1.24431e-05 0.000124872 0.000115776 0.000165603 9.55527e-05 7.76556e-06 7.38348e-06 3.24729e-05
0.199 1.55 0.0014404 0.000490346 0.0117938 0.0545373 0.543961 0.0716255 0.0165753 0.003983 0.00174368 0.00253326 0.00039347 0.000916811 0.000636682 0.000288911 0.000138074 0.000224787 0.000239461 0.000170519 0.000230358 3.11169e-05 2.8413e-05 3.67244e-05 0.000146995 8.03087e-05 3.70159e-05 1.63856e-05 2.92009e-06 3.27254e-05
0.199 1.6 0.00145115 0.000221186 0.00960973 0.0416576 0.578045 0.0564777 0.0145419 0.00250901 0.00151651 0.00214525 0.00135946 0.000461027 0.000254995 0.00044347 0.000249769 3.33109e-06 0.000378204 0.000205662 0.000125282 2.47413e-05 3.00858e-06 7.02557e-05 4.80777e-05 6.53807e-05 3.36041e-05 1.11409e-06 1.36711e-05 2.29413e-05
0.199 1.65 0.00119857 0.00012111 0.00743248 0.0305347 0.610228 0.0433639 0.0124473 0.00140522 0.00126269 0.00120372 0.00211349 0.000386719 0.00020109 0.00021282 0.00017718 0.000275601 0.000171848 0.000240118 4.43213e-05 5.82423e-05 5.06046e-05 4.32638e-05 0.000104311 6.89807e-05 1.66397e-05 7.93468e-06 6.82801e-06 2.75094e-05
0.199 1.7 0.000803373 9.46045e-05 0.0053146 0.0210882 0.639973 0.0319981 0.0102556 0.000687647 0.00117262 0.000330882 0.00193858 0.000674015 0.000299016 3.69679e-05 7.71737e-05 0.000409435 0.000101798 0.000116599 0.000134231 1.49855e-05 7.22801e-06 8.26644e-05 7.78719e-05 7.29476e-05 4.00201e-05 2.68705e-07 4.16883e-06 1.24308e-05
0.199 1.75 0.000408044 7.929e-05 0.00336926 0.0133072 0.665935 0.0223153 0.00805974 0.000310732 0.00132073 0.000166951 0.000964618 0.000891152 0.000298481 5.6645e-05 0.000253163 5.44379e-05 0.000335096 0.000112533 3.5504e-05 2.43558e-05 4.69512e-05 5.04001e-05 6.06249e-05 3.66555e-05 8.93596e-06 3.34374e-06 1.12999e-05 1.95981e-05
0.199 1.8 0.000130401 5.23611e-05 0.00179273 0.00736933 0.685911 0.0142904 0.0059102 0.000153262 0.00146671 0.000915911 0.000100493 0.00067269 0.000177758 0.000121581 0.000292257 0.000148561 0.000177421 0.000127514 3.36811e-05 4.18819e-05 4.26736e-05 3.40426e-05 5.15193e-05 2.8713e-05 1.41188e-05 5.31537e-06 4.12962e-06 1.87787e-05
0.199 1.85 1.76554e-05 1.91304e-05 0.000695787 0.00332222 0.699045 0.00808875 0.00389 0.000103876 0.00135588 0.00193556 0.000189634 0.000221928 6.43041e-05 0.00013578 5.29473e-05 0.000460043 5.04104e-05 8.01234e-05 5.32795e-05 1.93357e-05 2.58108e-05 9.52029e-05 4.31524e-05 2.72469e-05 2.65794e-06 3.80171e-06 2.33222e-05 1.57933e-05
0.199 1.9 2.71634e-05 4.84246e-07 0.000106227 0.000960149 0.706819 0.00378538 0.00219326 8.78552e-05 0.00102697 0.00244589 0.00101679 6.28051e-05 3.83897e-05 0.000109636 8.33214e-05 0.00018856 0.000278238 4.73362e-05 9.96083e-07 1.17379e-05 8.79638e-05 2.3857e-05 6.47596e-05 2.73878e-05 8.63043e-06 6.96407e-06 7.48176e-06 3.06313e-05
0.199 1.95 9.20317e-05 2.57444e-05 4.8003e-05 5.05425e-05 0.711368 0.00120029 0.000955855 6.59679e-05 0.000619008 0.00219194 0.00173772 0.000324862 6.40168e-05 8.04064e-05 0.00033684 2.13667e-05 0.000204297 8.66998e-05 2.65712e-05 4.15114e-05 2.26154e-06 9.79316e-05 2.80473e-05 1.75199e-05 6.50907e-06 4.04827e-06 2.20862e-05 1.45961e-05
0.199 2.0 0.0001667 9.93895e-05 0.000496478 0.000418828 0.714071 9.71597e-05 0.00021974 3.33631e-05 0.00026547 0.0014019 0.00175512 0.000673387 9.28885e-05 5.76489e-05 0.00029901 0.000339623 2.58122e-05 8.19642e-05 2.15475e-05 2.04996e-05 7.80182e-05 2.2588e-05 5.53425e-05 1.6657e-05 1.95086e-06 5.48353e-06 6.7987e-06 2.03465e-05
