marxs/missions/mitsnl/data/SiPt_efficiency_5_7.dat
# %ECSV 0.9
# ---
# datatype:
# - {name: lambda, unit: Angstrom, datatype: float32}
# - {name: theta, unit: deg, datatype: float32}
# - {name: '4', datatype: float32}
# - {name: '3', datatype: float32}
# - {name: '2', datatype: float32}
# - {name: '1', datatype: float32}
# - {name: '0', datatype: float32}
# - {name: '-1', datatype: float32}
# - {name: '-2', datatype: float32}
# - {name: '-3', datatype: float32}
# - {name: '-4', datatype: float32}
# - {name: '-5', datatype: float32}
# - {name: '-6', datatype: float32}
# - {name: '-7', datatype: float32}
# - {name: '-8', datatype: float32}
# - {name: '-9', datatype: float32}
# - {name: '-10', datatype: float32}
# - {name: '-11', datatype: float32}
# - {name: '-12', datatype: float32}
# - {name: '-13', datatype: float32}
# - {name: '-14', datatype: float32}
# - {name: '-15', datatype: float32}
# - {name: '-16', datatype: float32}
# - {name: '-17', datatype: float32}
# - {name: '-18', datatype: float32}
# - {name: '-19', datatype: float32}
# - {name: '-20', datatype: float32}
# - {name: '-21', datatype: float32}
# - {name: '-22', datatype: float32}
# - {name: '-23', datatype: float32}
# meta: !!omap
# - {ORIGFILE: ../inputdata/SiPt_5p7um_deep_20pct_dc_extended.xlsx}
# - {author: converted by Hans Moritz Guenther}
# - {origin: Ralf Heilmann}
# - description: [null]
# - {comment: 'From: Ralf Heilmann <ralf@space.mit.edu>; Subject: Re: efficiencies for
#     Lynx; Date: Tue, 17 Jan 2018 16:59:02 -0500'}
# schema: astropy-2.0
lambda theta 4 3 2 1 0 -1 -2 -3 -4 -5 -6 -7 -8 -9 -10 -11 -12 -13 -14 -15 -16 -17 -18 -19 -20 -21 -22 -23
[from data line 992]
0.705 1.85 0.00158637 0.00178658 0.000858509 0.00656711 0.0803843 0.00987823 0.00672452 0.013816 0.00904918 0.00134665 0.000653334 0.00142816 0.00196282 0.00179854 0.0011563 0.000920253 0.000277502 0.00221526 0.00108612 0.00812361 0.0124519 0.0084719 0.124744 0.0510857 0.00926552 0.00114901 0.00181499 0.000903204
0.705 1.9 0.000164613 0.000678415 0.00565364 0.00085529 0.0942634 0.0102554 0.00448011 0.00980679 0.00510856 7.24079e-05 0.000417016 0.000120151 0.000344478 0.000355831 0.000404081 0.000218193 0.000203926 0.000460313 0.000532224 0.00186319 0.00163638 0.0119802 0.0773267 0.1981 0.00986387 0.00245477 0.00157141 0.000713455
0.705 1.95 0.00165831 0.00125761 0.000434854 0.00924834 0.0400861 4.54665e-05 0.000684089 0.00473383 0.00880876 0.00180353 0.00316893 0.000685077 0.000476322 0.00132213 0.00234153 0.0021229 0.00140318 0.00111108 0.00216845 0.00267811 0.0168427 0.0249523 0.03961 0.16463 0.0793362 0.00158674 0.00666629 0.000953173
0.705 2.0 0.000361034 0.00249891 0.00702954 0.0131246 0.0797797 0.00546007 0.00468773 0.00861625 0.00685535 0.000250865 0.00069522 0.000786796 0.000892766 0.00137185 0.00124954 0.000421083 8.05898e-05 0.000649885 0.00233364 0.00329451 0.00727296 0.00129289 0.00322216 0.0336904 0.282347 0.00899736 0.0127587 0.000480864
0.705 2.05 0.00165938 0.00104623 0.000386536 0.0015504 0.0212407 0.00664674 0.0045595 0.00376323 0.00223919 0.00216042 0.000952177 0.00204299 0.000756236 4.83137e-05 0.000198266 0.000997119 0.00215456 0.00156086 0.00112028 0.000434898 0.000135523 0.00771455 0.0197175 0.029327 0.247714 0.0821188 0.00286969 0.00558353
0.705 2.1 0.000277066 0.00122661 0.00472662 0.0208776 0.0430528 0.00108116 5.76563e-05 0.00103105 0.00821558 0.00391439 0.00122535 0.000599328 8.52576e-05 0.000658412 0.00119035 0.0013786 0.00120679 0.000248904 0.000426717 0.000390538 0.00303225 0.00657487 0.00661275 0.0115576 0.0511685 0.214659 0.0212971 0.00873458
0.705 2.15 0.00126593 0.000964811 0.00370338 0.00600735 0.0333299 0.0084362 0.0073751 0.00720557 0.00626762 0.000620122 0.00018603 0.00100146 0.000906349 0.00112108 0.000347453 2.61399e-05 0.000227211 0.000683539 0.00171213 0.000294705 0.000671043 0.00112084 0.00442915 0.0135774 0.0095508 0.198537 0.0779143 0.00168711
0.705 2.2 0.000855292 0.00112196 0.00219912 0.00686699 0.0344252 0.0138336 0.00745649 0.00228702 0.0014501 0.00212757 0.00076383 0.00126248 0.000153468 9.44477e-05 0.000235734 0.000610077 0.000661665 0.000345408 0.000347126 0.000177405 0.000487444 0.00363973 0.00417854 0.00500782 0.00882133 0.0638918 0.121974 0.0390822
0.71 1.0 0.00659001 0.0125008 0.0601989 0.0587834 0.0803297 0.1263 0.0181711 0.02598 0.00907497 0.00219637 0.000181484 0.000592684 0.0123111 0.116138 0.163848 0.062432 0.0014215 0.00270266 0.000956684 0.00113549 0.0012368 0.000406896 0.000535373 7.45077e-05 0.000355132 2.38209e-05 1.73444e-07 3.5994e-05
0.71 1.05 0.00919028 0.00733018 0.0503021 0.0463109 0.0812654 0.127311 0.0178178 0.0203253 0.00402034 0.00111702 0.00223206 0.00453332 0.00459751 0.053191 0.155792 0.147662 0.00274303 0.00212979 0.00235838 0.00426342 0.000341106 0.000280552 1.32589e-05 0.00058049 4.16569e-05 4.78257e-05 2.15688e-05 1.30999e-05
0.71 1.1 0.00510857 0.00685768 0.0363186 0.0441364 0.091383 0.113259 0.0129268 0.0111452 0.00157044 0.00319248 0.00449769 0.00561138 0.00279912 0.0103945 0.101092 0.208632 0.0422269 0.010806 0.00521285 0.00183267 0.00134522 0.000510533 0.000372758 0.000997642 0.000124296 9.8896e-06 4.417e-05 0.000102723
0.71 1.15 0.00881304 0.00510292 0.0218076 0.0606782 0.0817745 0.0807416 0.0143793 0.00683836 0.00340694 0.00486036 0.00369359 0.00376535 0.00405837 0.000684158 0.0326514 0.198921 0.14452 0.00782943 0.00190398 0.00297858 0.00323769 0.000426437 1.54056e-06 0.00028837 7.65203e-05 0.000142652 3.36915e-05 2.51027e-05
0.71 1.2 0.00713563 0.00393032 0.0212271 0.0606948 0.0500736 0.0596719 0.024628 0.00597184 0.0064847 0.00531437 0.00256833 0.00203264 0.00332625 0.00585789 0.00166954 0.12623 0.24442 0.00300155 0.0117566 0.00840234 2.38172e-06 0.00114761 4.89263e-05 0.00155086 0.00051184 4.07802e-05 7.31642e-05 0.000142115
0.71 1.25 0.00213354 0.0118135 0.0156214 0.0461119 0.0251937 0.047153 0.0362094 0.00680195 0.0113325 0.00572576 0.00135479 0.000309015 0.00170819 0.0118215 0.0146253 0.0448624 0.232184 0.0738848 0.0177223 0.000455694 0.0102703 0.00386061 0.000221048 0.000195639 0.000167393 0.000359035 6.72206e-05 4.96104e-05
0.71 1.3 0.00796073 0.00916601 0.00478882 0.0320173 0.00680621 0.0434605 0.0562123 0.011466 0.0145316 0.00353173 0.000315959 0.00226093 0.00573028 0.0136703 0.0276732 0.008383 0.123004 0.19153 0.000798858 0.0141815 0.0166308 0.000977194 0.000237761 0.00120587 0.00211216 5.6611e-05 6.02719e-05 7.62996e-05
0.71 1.35 0.00667495 0.0037474 0.0016023 0.0151702 0.0065145 0.0596625 0.0709182 0.0124912 0.0125157 0.00125831 0.00154508 0.00527239 0.00900096 0.0103572 0.0208479 0.0112399 0.0302546 0.181968 0.103088 0.027407 0.000430059 0.00792866 0.00230922 0.000283325 0.000460028 0.000240389 7.68464e-05 0.000124996
0.71 1.4 0.00139722 0.00782945 8.1294e-05 0.00778207 0.0163939 0.0615068 0.0620917 0.00857584 0.00831507 0.000425275 0.00183978 0.00432132 0.0075133 0.00704113 0.00817894 0.0115312 0.00119055 0.0610363 0.315718 3.31908e-05 0.0169234 0.00691568 0.000803237 0.000333097 0.00176888 0.000102232 8.18693e-05 7.14756e-05
0.71 1.45 0.00379823 0.00444014 0.00562642 0.00966723 0.0164258 0.047056 0.0514709 0.00805991 0.00590065 0.000175877 0.00116991 0.00288619 0.00552441 0.00552549 0.00205198 0.0046021 0.00164644 0.00127737 0.308995 0.115183 0.0234558 0.00262185 0.00466427 0.000622552 0.000369349 3.33453e-06 0.000110052 3.10463e-05
0.71 1.5 0.00259143 0.000552732 0.00490582 0.0024114 0.0142495 0.0331077 0.0388159 0.00597018 0.0027269 0.000191256 0.000470067 0.0010738 0.00171762 0.00169857 0.000123379 0.00213691 0.000291941 0.00921048 0.0949224 0.37378 0.000774574 0.0275852 0.00427666 0.000469523 0.000466843 0.00069912 2.10039e-05 0.000178797
0.71 1.55 0.000176562 0.00686783 0.000341675 0.00296496 0.0121376 0.0162268 0.0229074 0.00726942 0.000654249 0.000431785 3.00884e-05 0.000525477 0.000451593 0.000171267 0.000235073 0.00138461 0.00134866 0.0099138 0.000416358 0.379006 0.101126 0.0101656 0.00742138 0.00363062 0.000100134 0.000375847 3.17709e-05 3.86713e-05
0.71 1.6 0.00238103 0.00302209 0.00424953 0.00122297 0.00786718 0.0077559 0.021082 0.0126211 0.00113788 0.000303989 0.000989561 0.00202321 0.00186538 0.000817681 0.000307075 2.66331e-05 0.0039711 0.0016559 0.0183008 0.121723 0.292954 0.0126999 0.0206066 0.00555609 0.000119112 0.00021832 0.000199319 0.000394102
0.71 1.65 0.00169336 0.00129797 0.00522972 0.00669898 0.0180778 0.00977622 0.017121 0.00839493 0.000538961 0.000171276 0.00200351 0.00207293 0.0012954 0.000455372 3.55588e-05 0.00019539 0.00172174 0.00313051 0.0110307 0.00017767 0.305811 0.109905 0.00324342 0.00472185 0.000605409 0.000140534 0.00022497 0.000177196
0.71 1.7 4.61137e-07 0.00523535 0.000449864 0.0120073 0.00758746 0.0029157 0.00588325 0.00655339 0.00025174 0.000240769 0.000939217 0.000912843 0.00118203 0.00121535 0.000440028 0.000164291 0.000309025 0.00509419 0.00193858 0.0268895 0.119406 0.224084 0.0420449 0.0142287 0.00140032 2.54623e-05 7.25222e-05 3.53658e-05
0.71 1.75 0.000834914 0.000102702 0.00589098 0.000352941 0.0318387 0.00267319 0.00183851 0.00600937 0.000322242 0.000818181 0.0016991 0.00114136 0.0010508 0.000517039 0.000101369 0.000746417 0.00282541 0.00260156 0.00524927 0.0149987 0.00285746 0.235907 0.083499 0.0110113 0.00146902 0.000366993 0.000257307 2.87259e-05
0.71 1.8 0.000296562 0.00282203 0.00919899 0.00443822 0.0383577 0.00154851 1.41954e-05 0.00318135 0.00452305 0.000271759 0.000978679 1.26231e-05 0.000276684 0.00047368 0.000621983 0.00102688 0.000899733 1.7828e-05 0.00220696 0.000323172 0.0208076 0.130901 0.125781 0.0294344 0.00892185 0.000263202 0.000415593 0.000248019
0.71 1.85 0.00126412 0.00206723 0.0001049 0.00777447 0.0571371 0.00570354 0.0046623 0.0103678 0.00965816 0.00132275 0.000984184 0.00121414 0.00167321 0.00180588 0.00141032 0.00127452 0.000405298 0.00189746 0.000966924 0.00834521 0.0197245 0.0231169 0.136019 0.0346647 0.00833264 0.000931463 0.00143627 0.00111241
0.71 1.9 0.000723073 0.00123737 0.00655632 0.00287565 0.106274 0.0125988 0.00584762 0.0108887 0.00579761 0.000105786 0.000155645 0.000503824 0.000771882 0.000602738 0.000302514 2.31007e-05 7.34182e-06 0.000783446 0.000640319 0.00318928 2.74323e-05 0.00516954 0.0908369 0.151062 0.00974965 0.00263344 0.00164838 0.000324944
0.71 1.95 0.0010641 0.000430746 0.000318727 0.00511142 0.0404428 0.000706186 0.000286298 0.00383014 0.00733346 0.00158697 0.00262838 0.00031486 0.000169889 0.000862734 0.00193591 0.00195445 0.00126755 0.000993299 0.0014303 0.00171744 0.0153963 0.028767 0.0552559 0.190344 0.0437453 0.00151567 0.00454925 0.00137005
0.71 2.0 0.000965866 0.00328707 0.00731243 0.0181769 0.0730492 0.00396958 0.00370416 0.00708843 0.00890654 0.000967026 0.00168933 0.000676539 0.000885746 0.00174456 0.00195489 0.0010884 0.000251649 0.000831676 0.00236704 0.00429926 0.0119399 0.00602207 0.00583477 0.0553572 0.222869 0.00488786 0.0121595 5.35842e-05
0.71 2.05 0.0011831 0.00047161 0.00212666 0.000786763 0.0405479 0.00773635 0.0054632 0.00597434 0.00240882 0.001065 0.000300047 0.001913 0.000874147 0.000344812 0.000125785 0.000430639 0.00151808 0.00158365 0.00146514 0.00122678 0.000120173 0.00457733 0.0170655 0.0297655 0.284762 0.0511308 0.0050551 0.00364021
0.71 2.1 0.000952935 0.00210309 0.00343571 0.0189743 0.0240515 0.00349258 0.00108299 0.00027199 0.00606539 0.00472802 0.00158252 0.00144381 0.000180269 0.000298073 0.000991847 0.00166116 0.00197082 0.000835182 0.00029981 0.000161624 0.00300868 0.00951884 0.0124884 0.0158986 0.0959028 0.176964 0.011419 0.00853467
0.71 2.15 0.000633711 0.000236132 0.00430346 0.0130703 0.0473822 0.00389985 0.00417351 0.00575605 0.00838288 0.00143828 4.15662e-05 0.000299856 0.000758124 0.0012888 0.000686497 0.000155121 5.43388e-05 0.00028769 0.00162181 0.000535616 0.00168867 0.00103651 0.00257378 0.0126933 0.0121455 0.220277 0.0590806 0.00159877
0.71 2.2 0.00127189 0.00217304 0.00239243 0.00403112 0.0162428 0.0185484 0.010338 0.00471382 0.00202462 0.00142403 0.00105243 0.00149635 0.000570394 0.000345695 0.000108558 0.000498424 0.000868238 0.000716036 0.000889694 2.59623e-06 0.000246464 0.00370393 0.00616687 0.00850887 0.00871586 0.101982 0.110938 0.0230723
0.715 1.0 0.00540663 0.0128282 0.0615624 0.0616851 0.0772463 0.122509 0.0188106 0.0271456 0.0102784 0.00302535 0.000180909 0.000188193 0.012919 0.125641 0.165174 0.049547 0.00133567 0.00343038 0.000887805 0.000858565 0.00139485 0.000288898 0.000559481 0.000205792 0.000333585 8.74088e-05 1.62405e-05 3.15857e-05
0.715 1.05 0.009653 0.00823032 0.0515255 0.0474271 0.0754301 0.124954 0.0198917 0.0226589 0.00528681 0.00127106 0.00154453 0.00393624 0.00487314 0.0628044 0.164344 0.133005 0.00123823 0.00126802 0.00151523 0.0044424 0.00061176 0.000265227 3.98043e-06 0.000311063 0.00015259 3.55835e-05 2.36189e-05 3.57066e-05
0.715 1.1 0.00530502 0.00659556 0.039298 0.0391866 0.0851692 0.118418 0.0155686 0.0132262 0.00177497 0.00275589 0.00428616 0.00605592 0.00318568 0.0146923 0.114114 0.203655 0.0312754 0.00867197 0.00535029 0.0026871 0.000939414 0.000391154 0.000514576 0.00121375 8.70251e-05 1.18519e-05 5.82934e-06 5.27712e-05
0.715 1.15 0.00781616 0.00555549 0.0220762 0.053253 0.0830763 0.0883218 0.0146624 0.00742454 0.00309212 0.00473928 0.00396675 0.00436726 0.00435616 0.000807161 0.0427509 0.206284 0.126991 0.00975165 0.0022679 0.00159885 0.00377548 0.0005167 1.819e-05 0.000139515 6.33153e-05 0.00014222 5.88006e-05 2.54996e-05
0.715 1.2 0.00841039 0.00251183 0.01928 0.0579871 0.0542724 0.0632385 0.0232174 0.00576351 0.00579359 0.00500727 0.0026711 0.00249331 0.00389207 0.00463135 0.00261847 0.138831 0.24118 0.000817833 0.00801829 0.00853792 0.000312021 0.000729312 0.00015843 0.0018342 0.000384146 2.16351e-06 2.80593e-05 0.000171607
0.715 1.25 0.00214558 0.00908616 0.0160145 0.0453868 0.02884 0.0489076 0.0328957 0.00559352 0.010197 0.00559176 0.0017321 0.000513555 0.00136664 0.0100784 0.0112641 0.0541473 0.253024 0.0542708 0.0199715 0.00201833 0.00712161 0.00379697 0.000123681 0.000251393 5.61776e-05 0.000445247 0.00010914 5.54643e-07
0.715 1.3 0.0065045 0.00931046 0.0055476 0.0333046 0.00906945 0.0389413 0.05008 0.00997991 0.0142526 0.00393221 0.000324385 0.00147612 0.00446396 0.0128168 0.0270562 0.0101087 0.147238 0.179852 0.000757917 0.00868299 0.0189784 0.00150814 0.000190101 0.00137232 0.00165303 8.71542e-05 3.19706e-05 0.000163254
0.715 1.35 0.00801125 0.00300775 0.0015179 0.0165605 0.0038068 0.0515851 0.068519 0.0127293 0.0130565 0.00144145 0.00133378 0.00495384 0.00884382 0.0107146 0.0226925 0.0108814 0.0423504 0.202933 0.0663312 0.0304184 0.00309735 0.00569272 0.00173247 0.000443557 0.000676336 0.000298642 3.9295e-05 3.20847e-05
0.715 1.4 0.00177771 0.00633941 8.41853e-05 0.00657715 0.0134595 0.0586872 0.0641866 0.00965493 0.00900304 0.000527394 0.00187064 0.00454495 0.0080049 0.00764472 0.00993281 0.013449 0.00271055 0.08519 0.280158 0.00247621 0.0106711 0.00989783 0.00131289 0.000423706 0.00136695 0.00011233 5.58608e-05 0.000160702
0.715 1.45 0.00301867 0.00581364 0.0041932 0.00838952 0.0158774 0.046601 0.0529677 0.00893774 0.00641979 0.000235125 0.0011578 0.00303286 0.00611474 0.00638349 0.0028946 0.00620545 0.00113891 0.00497662 0.337068 0.0710718 0.0277701 0.000226716 0.00303974 0.000281179 0.000780951 1.21618e-05 8.13677e-05 2.85071e-05
0.715 1.5 0.00328724 0.000201375 0.00569476 0.00341166 0.014125 0.0346696 0.0426723 0.00744381 0.00354383 0.000138694 0.000533932 0.00146316 0.00260802 0.00276717 0.000432954 0.00232039 0.00044589 0.0067283 0.135944 0.327771 0.000717947 0.0241182 0.00605398 0.000723477 0.000293605 0.00046794 6.21091e-05 8.97844e-05
0.715 1.55 0.000155011 0.0055523 0.000239325 0.0017162 0.0128873 0.0181936 0.0245707 0.00641971 0.000797642 0.000329195 3.41304e-05 0.00038694 0.000262584 9.91817e-05 7.86295e-05 0.00151841 0.000959471 0.0107832 0.00415673 0.412879 0.065883 0.0191333 0.00369427 0.00183172 0.000196034 0.000505891 2.50014e-05 7.02646e-05
0.715 1.6 0.00164072 0.00476197 0.00335975 0.00192111 0.00698315 0.00684733 0.0190093 0.012189 0.000920982 0.000394275 0.000680228 0.00162306 0.00161764 0.000761704 0.000335682 0.000110004 0.00371665 0.00228109 0.0152313 0.179295 0.258072 0.0032664 0.0219676 0.00645268 0.000104781 9.3574e-05 0.000141439 0.000224752
0.715 1.65 0.00216205 0.0002928 0.00574694 0.00344553 0.0165623 0.0082505 0.0176015 0.0100622 0.00065723 0.000367143 0.00200684 0.00210092 0.00140702 0.000472722 3.39371e-05 0.000228076 0.00216228 0.00242302 0.0143435 0.00645829 0.328551 0.0828714 0.00587819 0.00290488 0.000191489 0.000216353 0.000239018 0.000283945
0.715 1.7 0.000159524 0.00520741 0.00163821 0.0128298 0.010389 0.00419461 0.00734997 0.0063037 0.000243962 0.000131634 0.00103722 0.000941642 0.00107814 0.00107782 0.000392709 0.000101844 4.99611e-05 0.00493366 0.00187185 0.0216255 0.169571 0.201106 0.0273567 0.0138334 0.00154836 8.09312e-05 2.37364e-05 3.99906e-05
0.715 1.75 0.00054295 0.000780085 0.00334153 0.00195065 0.0215666 0.00134382 0.00183618 0.00659561 0.000274715 0.000955223 0.00126435 0.00101489 0.00117331 0.000835996 0.000325982 0.00053473 0.00254721 0.00298804 0.0050607 0.022084 0.015368 0.243195 0.0808392 0.0102392 0.000362987 0.000298945 0.000302804 2.14055e-07
0.715 1.8 0.000689673 0.00196725 0.0110357 0.00276576 0.0422216 0.00235858 0.000229788 0.00256237 0.00264544 0.000319248 0.00110603 0.000175914 0.000236705 0.000147529 0.000238678 0.000794641 0.00153299 0.000119731 0.00299851 0.000190793 0.0128852 0.163095 0.114675 0.0251434 0.00766506 0.000348 0.000288283 8.81968e-05
