marxs/missions/mitsnl/data/SiTransmission.csv
# %ECSV 0.9
# ---
# datatype:
# - {name: energy, unit: eV, datatype: float64}
# - {name: transmission, datatype: float64}
# meta: !!omap
# - {ORIGIN: 'http://henke.lbl.gov/optical_constants/filter2.html'}
# - {parameters: Si Density=2.33 Thickness=1. microns}
# - {description: 'Transmission through L1 support, assuming the support bars can be
#     treated like solid Si'}
# schema: astropy-2.0
energy transmission
    10.000      0.00000    
    11.980      0.00000    
    13.960      0.21156E-39
    15.940      0.99554E-28
    17.920      0.30896E-17
    19.900      0.21980E-07
    21.880      0.11325E-03
    23.860      0.16207E-02
    25.840      0.57324E-02
    27.820      0.98497E-02
    29.800      0.12672E-01
    31.780      0.15673E-01
    33.760      0.17136E-01
    35.740      0.18607E-01
    37.720      0.20084E-01
    39.700      0.21760E-01
    41.680      0.25031E-01
    43.660      0.28498E-01
    45.640      0.32122E-01
    47.620      0.36340E-01
    49.600      0.40904E-01
    51.580      0.45646E-01
    53.560      0.49728E-01
    55.540      0.52521E-01
    57.520      0.55311E-01
    59.500      0.57762E-01
    61.480      0.55651E-01
    63.460      0.53445E-01
    65.440      0.51728E-01
    67.420      0.54247E-01
    69.400      0.56770E-01
    71.380      0.64687E-01
    73.360      0.77742E-01
    75.340      0.95138E-01
    77.320      0.12262    
    79.300      0.15257    
    81.280      0.16478    
    83.260      0.17705    
    85.240      0.18427    
    87.220      0.18427    
    89.200      0.18427    
    91.180      0.18352    
    93.160      0.18000    
    95.140      0.17609    
    97.120      0.17152    
    99.100      0.16218    
    101.08      0.20181E-07
    103.06      0.43309E-05
    105.04      0.13878E-04
    107.02      0.45272E-06
    109.00      0.12134E-06
    110.98      0.35811E-07
    112.96      0.10288E-07
    114.94      0.27013E-08
    116.92      0.28203E-09
    118.90      0.64360E-10
    120.88      0.36941E-10
    122.86      0.24107E-10
    124.84      0.21514E-10
    126.82      0.18331E-10
    128.80      0.13434E-10
    130.78      0.81123E-11
    132.76      0.66484E-11
    134.74      0.17984E-10
    136.72      0.71511E-10
    138.70      0.12075E-09
    140.68      0.12603E-09
    142.66      0.17485E-09
    144.64      0.14607E-09
    146.62      0.12223E-09
    148.60      0.12351E-09
    150.58      0.14985E-09
    152.56      0.85337E-10
    154.54      0.31377E-09
    156.52      0.37277E-09
    158.50      0.27449E-09
    160.48      0.24036E-09
    162.46      0.16059E-09
    164.44      0.12904E-09
    166.42      0.13927E-09
    168.40      0.14401E-09
    170.38      0.20896E-09
    172.36      0.53552E-09
    174.34      0.15022E-08
    176.32      0.40439E-08
    178.30      0.75609E-08
    180.28      0.10459E-07
    182.26      0.14119E-07
    184.24      0.18905E-07
    186.22      0.25131E-07
    188.20      0.33236E-07
    190.18      0.43979E-07
    192.16      0.57992E-07
    194.14      0.75912E-07
    196.12      0.98677E-07
    198.10      0.12741E-06
    200.08      0.16343E-06
    202.06      0.20744E-06
    204.04      0.25965E-06
    206.02      0.32166E-06
    208.00      0.39564E-06
    209.98      0.48430E-06
    211.96      0.59009E-06
    213.94      0.71578E-06
    215.92      0.86449E-06
    217.90      0.10397E-05
    219.88      0.12528E-05
    221.86      0.15084E-05
    223.84      0.18711E-05
    225.82      0.23088E-05
    227.80      0.28343E-05
    229.78      0.34621E-05
    231.76      0.42088E-05
    233.74      0.50926E-05
    235.72      0.61344E-05
    237.70      0.73570E-05
    239.68      0.87860E-05
    241.66      0.10450E-04
    243.64      0.12379E-04
    245.62      0.14609E-04
    247.60      0.17177E-04
    249.58      0.20305E-04
    251.56      0.23982E-04
    253.54      0.28253E-04
    255.52      0.33177E-04
    257.50      0.38816E-04
    259.48      0.45253E-04
    261.46      0.52574E-04
    263.44      0.60875E-04
    265.42      0.70258E-04
    267.40      0.80832E-04
    269.38      0.92713E-04
    271.36      0.10602E-03
    273.34      0.12089E-03
    275.32      0.13746E-03
    277.30      0.15588E-03
    279.28      0.17629E-03
    281.26      0.19886E-03
    283.24      0.22376E-03
    285.22      0.25117E-03
    287.20      0.28126E-03
    289.18      0.31424E-03
    291.16      0.35029E-03
    293.14      0.38963E-03
    295.12      0.43247E-03
    297.10      0.47978E-03
    299.08      0.53179E-03
    301.06      0.58842E-03
    303.04      0.65095E-03
    305.02      0.71868E-03
    307.00      0.79189E-03
    308.98      0.87089E-03
    310.96      0.95600E-03
    312.94      0.10475E-02
    314.92      0.11458E-02
    316.90      0.12511E-02
    318.88      0.13638E-02
    320.86      0.14842E-02
    322.84      0.16127E-02
    324.82      0.17496E-02
    326.80      0.18952E-02
    328.78      0.20499E-02
    330.76      0.22140E-02
    332.74      0.23879E-02
    334.72      0.25719E-02
    336.70      0.27664E-02
    338.68      0.29717E-02
    340.66      0.31881E-02
    342.64      0.34160E-02
    344.62      0.36558E-02
    346.60      0.39078E-02
    348.58      0.41722E-02
    350.56      0.44495E-02
    352.54      0.47399E-02
    354.52      0.50438E-02
    356.50      0.53615E-02
    358.48      0.56933E-02
    360.46      0.60394E-02
    362.44      0.64003E-02
    364.42      0.67761E-02
    366.40      0.72093E-02
    368.38      0.76670E-02
    370.36      0.81448E-02
    372.34      0.86562E-02
    374.32      0.91909E-02
    376.30      0.97483E-02
    378.28      0.10329E-01
    380.26      0.10932E-01
    382.24      0.11560E-01
    384.22      0.12212E-01
    386.20      0.12888E-01
    388.18      0.13589E-01
    390.16      0.14315E-01
    392.14      0.15066E-01
    394.12      0.15844E-01
    396.10      0.16647E-01
    398.08      0.17476E-01
    400.06      0.18332E-01
    402.04      0.19214E-01
    404.02      0.20123E-01
    406.00      0.21059E-01
    407.98      0.22022E-01
    409.96      0.23012E-01
    411.94      0.24030E-01
    413.92      0.25075E-01
    415.90      0.26147E-01
    417.88      0.27248E-01
    419.86      0.28375E-01
    421.84      0.29531E-01
    423.82      0.30714E-01
    425.80      0.31924E-01
    427.78      0.33163E-01
    429.76      0.34429E-01
    431.74      0.35722E-01
    433.72      0.37043E-01
    435.70      0.38391E-01
    437.68      0.39767E-01
    439.66      0.41170E-01
    441.64      0.42600E-01
    443.62      0.44057E-01
    445.60      0.45540E-01
    447.58      0.47051E-01
    449.56      0.48587E-01
    451.54      0.50150E-01
    453.52      0.51739E-01
    455.50      0.53354E-01
    457.48      0.55003E-01
    459.46      0.56685E-01
    461.44      0.58393E-01
    463.42      0.60127E-01
    465.40      0.61938E-01
    467.38      0.63791E-01
    469.36      0.65671E-01
    471.34      0.67577E-01
    473.32      0.69509E-01
    475.30      0.71468E-01
    477.28      0.73451E-01
    479.26      0.75460E-01
    481.24      0.77494E-01
    483.22      0.79553E-01
    485.20      0.81636E-01
    487.18      0.83742E-01
    489.16      0.85871E-01
    491.14      0.88024E-01
    493.12      0.90199E-01
    495.10      0.92396E-01
    497.08      0.94616E-01
    499.06      0.96856E-01
    501.04      0.99117E-01
    503.02      0.10140    
    505.00      0.10370    
    506.98      0.10602    
    508.96      0.10837    
    510.94      0.11073    
    512.92      0.11310    
    514.90      0.11550    
    516.88      0.11792    
    518.86      0.12035    
    520.84      0.12280    
    522.82      0.12526    
    524.80      0.12774    
    526.78      0.13024    
    528.76      0.13275    
    530.74      0.13527    
    532.72      0.13782    
    534.70      0.14037    
    536.68      0.14294    
    538.66      0.14552    
    540.64      0.14811    
    542.62      0.15072    
    544.60      0.15333    
    546.58      0.15596    
    548.56      0.15860    
    550.54      0.16125    
    552.52      0.16391    
    554.50      0.16658    
    556.48      0.16926    
    558.46      0.17195    
    560.44      0.17465    
    562.42      0.17736    
    564.40      0.18007    
    566.38      0.18279    
    568.36      0.18552    
    570.34      0.18826    
    572.32      0.19100    
    574.30      0.19374    
    576.28      0.19650    
    578.26      0.19926    
    580.24      0.20202    
    582.22      0.20487    
    584.20      0.20775    
    586.18      0.21063    
    588.16      0.21352    
    590.14      0.21641    
    592.12      0.21937    
    594.10      0.22233    
    596.08      0.22530    
    598.06      0.22827    
    600.04      0.23124    
    602.02      0.23421    
    604.00      0.23719    
    605.98      0.24017    
    607.96      0.24315    
    609.94      0.24613    
    611.92      0.24911    
    613.90      0.25209    
    615.88      0.25507    
    617.86      0.25805    
    619.84      0.26103    
    621.82      0.26401    
    623.80      0.26699    
    625.78      0.26997    
    627.76      0.27294    
    629.74      0.27592    
    631.72      0.27889    
    633.70      0.28186    
    635.68      0.28483    
    637.66      0.28779    
    639.64      0.29075    
    641.62      0.29371    
    643.60      0.29666    
    645.58      0.29961    
    647.56      0.30255    
    649.54      0.30549    
    651.52      0.30843    
    653.50      0.31136    
    655.48      0.31429    
    657.46      0.31721    
    659.44      0.32013    
    661.42      0.32304    
    663.40      0.32594    
    665.38      0.32884    
    667.36      0.33173    
    669.34      0.33462    
    671.32      0.33750    
    673.30      0.34038    
    675.28      0.34324    
    677.26      0.34610    
    679.24      0.34896    
    681.22      0.35180    
    683.20      0.35464    
    685.18      0.35747    
    687.16      0.36030    
    689.14      0.36311    
    691.12      0.36592    
    693.10      0.36870    
    695.08      0.37138    
    697.06      0.37405    
    699.04      0.37671    
    701.02      0.37936    
    703.00      0.38200    
    704.98      0.38461    
    706.96      0.38718    
    708.94      0.38974    
    710.92      0.39229    
    712.90      0.39484    
    714.88      0.39738    
    716.86      0.39990    
    718.84      0.40243    
    720.82      0.40494    
    722.80      0.40744    
    724.78      0.40994    
    726.76      0.41242    
    728.74      0.41490    
    730.72      0.41737    
    732.70      0.41983    
    734.68      0.42228    
    736.66      0.42472    
    738.64      0.42716    
    740.62      0.42958    
    742.60      0.43200    
    744.58      0.43440    
    746.56      0.43680    
    748.54      0.43919    
    750.52      0.44157    
    752.50      0.44394    
    754.48      0.44630    
    756.46      0.44865    
    758.44      0.45100    
    760.42      0.45333    
    762.40      0.45565    
    764.38      0.45797    
    766.36      0.46028    
    768.34      0.46257    
    770.32      0.46486    
    772.30      0.46714    
    774.28      0.46941    
    776.26      0.47167    
    778.24      0.47392    
    780.22      0.47616    
    782.20      0.47839    
    784.18      0.48061    
    786.16      0.48282    
    788.14      0.48504    
    790.12      0.48728    
    792.10      0.48951    
    794.08      0.49173    
    796.06      0.49395    
    798.04      0.49615    
    800.02      0.49834    
    802.00      0.50062    
    803.98      0.50291    
    805.96      0.50519    
    807.94      0.50746    
    809.92      0.50972    
    811.90      0.51197    
    813.88      0.51421    
    815.86      0.51643    
    817.84      0.51865    
    819.82      0.52086    
    821.80      0.52306    
    823.78      0.52524    
    825.76      0.52742    
    827.74      0.52958    
    829.72      0.53174    
    831.70      0.53389    
    833.68      0.53602    
    835.66      0.53815    
    837.64      0.54026    
    839.62      0.54237    
    841.60      0.54447    
    843.58      0.54655    
    845.56      0.54863    
    847.54      0.55069    
    849.52      0.55275    
    851.50      0.55479    
    853.48      0.55683    
    855.46      0.55885    
    857.44      0.56086    
    859.42      0.56287    
    861.40      0.56487    
    863.38      0.56685    
    865.36      0.56883    
    867.34      0.57079    
    869.32      0.57275    
    871.30      0.57469    
    873.28      0.57663    
    875.26      0.57856    
    877.24      0.58048    
    879.22      0.58238    
    881.20      0.58428    
    883.18      0.58617    
    885.16      0.58805    
    887.14      0.58992    
    889.12      0.59178    
    891.10      0.59363    
    893.08      0.59547    
    895.06      0.59731    
    897.04      0.59921    
    899.02      0.60112    
    901.00      0.60302    
    902.98      0.60492    
    904.96      0.60680    
    906.94      0.60867    
    908.92      0.61054    
    910.90      0.61242    
    912.88      0.61432    
    914.86      0.61621    
    916.84      0.61809    
    918.82      0.61996    
    920.80      0.62182    
    922.78      0.62367    
    924.76      0.62551    
    926.74      0.62734    
    928.72      0.62916    
    930.70      0.63097    
    932.68      0.63277    
    934.66      0.63456    
    936.64      0.63634    
    938.62      0.63811    
    940.60      0.63987    
    942.58      0.64162    
    944.56      0.64336    
    946.54      0.64509    
    948.52      0.64681    
    950.50      0.64853    
    952.48      0.65023    
    954.46      0.65192    
    956.44      0.65361    
    958.42      0.65528    
    960.40      0.65695    
    962.38      0.65861    
    964.36      0.66025    
    966.34      0.66189    
    968.32      0.66352    
    970.30      0.66514    
    972.28      0.66675    
    974.26      0.66836    
    976.24      0.66995    
    978.22      0.67153    
    980.20      0.67311    
    982.18      0.67468    
    984.16      0.67624    
    986.14      0.67779    
    988.12      0.67933    
    990.10      0.68086    
    992.08      0.68239    
    994.06      0.68390    
    996.04      0.68541    
    998.02      0.68691    
    1000.0      0.68840    
    1002.4      0.69020    
    1026.0      0.70725    
    1049.6      0.72320    
    1073.2      0.73812    
    1096.8      0.75172    
    1120.4      0.76370    
    1144.0      0.77485    
    1167.6      0.78533    
    1191.2      0.79519    
    1214.8      0.80450    
    1238.4      0.81328    
    1262.0      0.82155    
    1285.6      0.82935    
    1309.2      0.83674    
    1332.8      0.84374    
    1356.4      0.85035    
    1380.0      0.85660    
    1403.6      0.86252    
    1427.2      0.86813    
    1450.8      0.87346    
    1474.4      0.87850    
    1498.0      0.88329    
    1521.6      0.88796    
    1545.2      0.89240    
    1568.8      0.89662    
    1592.4      0.90061    
    1616.0      0.90441    
    1639.6      0.90802    
    1663.2      0.91145    
    1686.8      0.91471    
    1710.4      0.91781    
    1734.0      0.92079    
    1757.6      0.92368    
    1781.2      0.92646    
    1804.8      0.92911    
    1828.4      0.93164    
    1852.0      0.46025    
    1875.6      0.47103    
    1899.2      0.48159    
    1922.8      0.49195    
    1946.4      0.50209    
    1970.0      0.51203    
    1993.6      0.52177    
    2017.2      0.53132    
    2040.8      0.54070    
    2064.4      0.54988    
    2088.0      0.55891    
    2111.6      0.56788    
    2135.2      0.57667    
    2158.8      0.58528    
    2182.4      0.59372    
    2206.0      0.60200    
    2229.6      0.61010    
    2253.2      0.61803    
    2276.8      0.62580    
    2300.4      0.63340    
    2324.0      0.64084    
    2347.6      0.64812    
    2371.2      0.65524    
    2394.8      0.66221    
    2418.4      0.66903    
    2442.0      0.67568    
    2465.6      0.68221    
    2489.2      0.68858    
    2512.8      0.69481    
    2536.4      0.70089    
    2560.0      0.70683    
    2583.6      0.71265    
    2607.2      0.71833    
    2630.8      0.72389    
