# created by ~dd/wave/hess/hess_to_rdb.pro Mon Nov 10 09:45:44 1997
# 
# *** Facet location data for the 336 HETG facets ***
# See the procedure hess_setup.pro and/or HETGbasic.rdb for 
# the input parameters used.  More details at:
#            http://space.mit.edu/HETG/hess/basic.html
# 
# .........................................................................
# Column definitions:
#  hessloc    Location code on the HESS, "shell-sector-grating"
#  xc         Center of facet active area in X (mm)
#             The on-axis Rowland intercept is located at
#               xc = hs_Xoff = 1.7*25.4 mm;  thus for flight
#             xc=0 is nominally at (hs_X - hs_Xoff) = (339.909-1.7)*25.4 mm
#             from the HRMA focal plane.
#  yc         Center of facet active area in Y (mm)
#  zc         Center of facet active area in Z (mm)
#  xu         X component of facet-surface normal
#  yu         Y component of facet-surface normal
#  zu         Z component of facet-surface normal
#      These next 4 unit vectors are all in the facet plane
#  xuyf       X component of Y-facet unit vector
#  yuyf       Y component of Y-facet unit vector
#  zuyf       Z component of Y-facet unit vector
#  xuxf       X component of X-facet unit vector
#  yuxf       Y component of X-facet unit vector
#  zuxf       Z component of X-facet unit vector
#  xul        X component of grating-line unit vector
#  yul        Y component of grating-line unit vector
#  zul        Z component of grating-line unit vector
#  xud        X component of dispersion unit vector
#  yud        Y component of dispersion unit vector
#  zud        Z component of dispersion unit vector
#  xmh        Location of facet mounting hole in X (mm)
#  ymh        Location of facet mounting hole in Y (mm)
#  zmh        Location of facet mounting hole in Z (mm)
# .........................................................................
hessloc	xc	yc	zc	xu	yu	zu	xuyf	yuyf	zuyf	xuxf	yuxf	zuxf	xul	yul	zul	xud	yud	zud	xmh	ymh	zmh
S	N	N	N	N	N	N	N	N	N	N	N	N	N	N	N	N	N	N	N	N	N
1A1	11.8074	519.302	21.8660	0.998180	0.0602579	0.00253725	0.0588664	-0.964251	-0.258370	0.0131223	-0.258049	0.966043	0.00272918	-0.0871554	0.996191	-0.0602495	0.994371	0.0871612	6.05628	535.561	26.2870
1A2	11.7771	517.287	50.6472	0.998180	0.0600242	0.00587693	0.0595029	-0.964214	-0.258360	0.00984127	-0.258240	0.966031	-0.000624245	-0.0871557	0.996194	-0.0603080	0.994385	0.0869596	6.01500	533.546	55.0522
1A3	11.8424	513.724	79.0129	0.998180	0.0596103	0.00916832	0.0599534	-0.964188	-0.258353	0.00656055	-0.258433	0.966007	-0.00394520	-0.0871551	0.996187	-0.0601821	0.994410	0.0867612	6.07254	529.984	83.4021
1A4	12.0005	508.647	106.972	0.998180	0.0590202	0.0124124	0.0602220	-0.964173	-0.258349	0.00328013	-0.258626	0.965972	-0.00723420	-0.0871535	0.996169	-0.0598758	0.994445	0.0865678	6.22609	524.910	111.346
1A5	12.2489	502.078	134.531	0.998180	0.0582562	0.0156097	0.0603113	-0.964167	-0.258348	-3.98105e-18	-0.258819	0.965926	-0.0104915	-0.0871509	0.996140	-0.0593917	0.994490	0.0863811	6.47292	518.344	138.890
1A6	12.5848	494.021	161.694	0.998180	0.0573192	0.0187606	0.0602220	-0.964173	-0.258349	-0.00328013	-0.259009	0.965869	-0.0137172	-0.0871475	0.996101	-0.0587306	0.994545	0.0862026	6.81041	510.292	166.037
1A7	13.0057	484.471	188.457	0.998180	0.0562084	0.0218647	0.0599534	-0.964188	-0.258353	-0.00656010	-0.259194	0.965803	-0.0169110	-0.0871433	0.996052	-0.0578918	0.994609	0.0860341	7.23591	500.748	192.786
1A8	13.5088	473.408	214.815	0.998180	0.0549215	0.0249213	0.0595031	-0.964214	-0.258360	-0.00983994	-0.259373	0.965727	-0.0200723	-0.0871382	0.995994	-0.0568731	0.994681	0.0858772	7.74676	489.690	219.129
1A9	14.0914	460.795	240.758	0.998180	0.0534547	0.0279292	0.0588670	-0.964251	-0.258370	-0.0131196	-0.259544	0.965642	-0.0232000	-0.0871323	0.995927	-0.0556705	0.994762	0.0857335	8.34022	477.086	245.058
1B1	15.1041	438.935	278.741	0.998180	0.0509128	0.0323316	0.0588678	-0.705881	-0.705881	0.0131161	-0.706499	0.707593	-0.0278111	-0.0871220	0.995809	-0.0535162	0.994896	0.0855475	9.35291	450.804	290.699
1B2	15.8426	422.832	302.687	0.998180	0.0490408	0.0351062	0.0595038	-0.705854	-0.705854	0.00983581	-0.706658	0.707487	-0.0307399	-0.0871146	0.995724	-0.0518894	0.994990	0.0854485	10.0805	434.710	314.631
1B3	16.6201	405.594	325.498	0.998180	0.0470373	0.0377484	0.0599538	-0.705835	-0.705835	0.00655641	-0.706813	0.707370	-0.0335474	-0.0871067	0.995634	-0.0501201	0.995088	0.0853701	10.8503	417.481	337.429
1B4	17.4287	387.246	347.198	0.998180	0.0449052	0.0402612	0.0602221	-0.705823	-0.705823	0.00327784	-0.706963	0.707243	-0.0362365	-0.0870985	0.995540	-0.0482117	0.995187	0.0853127	11.6543	399.143	359.117
1B5	18.2608	367.803	367.803	0.998180	0.0426465	0.0426465	0.0603113	-0.705820	-0.705820	6.08509e-18	-0.707107	0.707107	-0.0388088	-0.0870901	0.995444	-0.0461663	0.995287	0.0852765	12.4848	379.711	379.711
1B6	19.1089	347.266	387.322	0.998180	0.0402612	0.0449052	0.0602221	-0.705823	-0.705823	-0.00327784	-0.707243	0.706963	-0.0412654	-0.0870815	0.995346	-0.0439843	0.995387	0.0852616	13.3345	359.185	399.219
1B7	19.9654	325.633	405.745	0.998180	0.0377494	0.0470365	0.0599540	-0.705835	-0.705835	-0.00655513	-0.707370	0.706813	-0.0436053	-0.0870728	0.995247	-0.0416656	0.995486	0.0852683	14.1956	337.564	417.632
1B8	20.8227	302.890	423.057	0.998180	0.0351094	0.0490386	0.0595044	-0.705854	-0.705854	-0.00983199	-0.707487	0.706658	-0.0458273	-0.0870642	0.995148	-0.0392085	0.995584	0.0852967	15.0606	314.834	434.935
1B9	21.6729	279.010	439.234	0.998180	0.0323382	0.0509086	0.0588695	-0.705880	-0.705880	-0.0131085	-0.707592	0.706499	-0.0479286	-0.0870556	0.995050	-0.0366100	0.995678	0.0853472	15.9216	290.968	451.103
1C1	22.9197	240.883	461.332	0.998180	0.0279151	0.0534621	0.0588704	-0.258370	-0.964251	0.0131041	-0.965643	0.259543	-0.0508525	-0.0870430	0.994906	-0.0324264	0.995813	0.0854650	17.1684	245.184	477.622
1C2	23.6868	214.965	474.015	0.998180	0.0249093	0.0549270	0.0595053	-0.258360	-0.964214	0.00982693	-0.965727	0.259372	-0.0525700	-0.0870352	0.994817	-0.0295608	0.995894	0.0855673	17.9247	219.279	490.298
1C3	24.3975	188.629	485.143	0.998180	0.0218558	0.0562118	0.0599545	-0.258353	-0.964188	0.00655061	-0.965803	0.259193	-0.0541123	-0.0870280	0.994735	-0.0266328	0.995966	0.0856870	18.6277	192.958	501.419
1C4	25.0468	161.886	494.751	0.998180	0.0187558	0.0573208	0.0602223	-0.258349	-0.964173	0.00327503	-0.965869	0.259008	-0.0554835	-0.0870215	0.994660	-0.0236438	0.996030	0.0858224	19.2724	166.230	511.021
1C5	25.6297	134.741	502.859	0.998180	0.0156097	0.0582562	0.0603113	-0.258348	-0.964167	9.25638e-18	-0.965926	0.258819	-0.0566861	-0.0870156	0.994593	-0.0205945	0.996085	0.0859723	19.8538	139.099	519.125
1C6	26.1416	107.191	509.474	0.998180	0.0124174	0.0590191	0.0602223	-0.258349	-0.964173	-0.00327503	-0.965972	0.258627	-0.0577211	-0.0870104	0.994534	-0.0174848	0.996130	0.0861353	20.3671	111.565	525.737
1C7	26.5774	79.2408	514.590	0.998180	0.00917904	0.0596087	0.0599546	-0.258353	-0.964188	-0.00654978	-0.966007	0.258433	-0.0585879	-0.0870060	0.994483	-0.0143147	0.996166	0.0863099	20.8075	83.6300	530.850
1C8	26.9322	50.8832	518.184	0.998180	0.00589393	0.0600226	0.0595057	-0.258360	-0.964214	-0.00982444	-0.966031	0.258241	-0.0592841	-0.0870024	0.994443	-0.0110833	0.996191	0.0864947	21.1701	55.2881	534.443
1C9	27.2010	22.1095	520.223	0.998180	0.00256091	0.0602569	0.0588715	-0.258370	-0.964251	-0.0130992	-0.966043	0.258051	-0.0598062	-0.0869997	0.994412	-0.00778893	0.996205	0.0866882	21.4498	26.5303	536.481
1D1	27.4320	-22.1172	520.237	0.998180	-0.00256174	0.0602568	0.0588717	0.258370	-0.964250	0.0130984	-0.966043	-0.258051	-0.0602510	-0.0869974	0.994385	-0.00269483	0.996205	0.0869934	21.6807	-26.5381	536.495
1D2	27.4616	-50.8946	518.215	0.998180	-0.00589488	0.0600225	0.0595059	0.258360	-0.964214	0.00982351	-0.966031	-0.258241	-0.0603079	-0.0869971	0.994381	0.000639979	0.996191	0.0871942	21.6995	-55.2994	534.474
1D3	27.3962	-79.2555	514.638	0.998180	-0.00917987	0.0596085	0.0599546	0.258354	-0.964188	0.00654895	-0.966007	-0.258434	-0.0601823	-0.0869978	0.994389	0.00394256	0.996166	0.0873919	21.6263	-83.6447	530.898
1D4	27.2384	-107.210	509.538	0.998180	-0.0124179	0.0590190	0.0602223	0.258349	-0.964173	0.00327452	-0.965972	-0.258627	-0.0598783	-0.0869994	0.994407	0.00721384	0.996131	0.0875845	21.4639	-111.583	525.801
1D5	26.9908	-134.762	502.938	0.998180	-0.0156097	0.0582562	0.0603113	0.258348	-0.964167	-6.42051e-18	-0.965926	-0.258819	-0.0593982	-0.0870019	0.994436	0.0104545	0.996086	0.0877707	21.2148	-139.120	519.204
1D6	26.6560	-161.912	494.845	0.998180	-0.0187553	0.0573209	0.0602223	0.258349	-0.964173	-0.00327452	-0.965869	-0.259009	-0.0587429	-0.0870052	0.994474	0.0136644	0.996031	0.0879486	20.8816	-166.256	511.115
1D7	26.2367	-188.660	485.250	0.998180	-0.0218547	0.0562123	0.0599546	0.258354	-0.964188	-0.00654939	-0.965803	-0.259193	-0.0579114	-0.0870095	0.994523	0.0168440	0.995968	0.0881167	20.4668	-192.989	501.526
1D8	25.7353	-214.999	474.135	0.998180	-0.0249074	0.0549279	0.0595056	0.258360	-0.964214	-0.00982483	-0.965727	-0.259372	-0.0569011	-0.0870145	0.994581	0.0199928	0.995896	0.0882734	19.9731	-219.314	490.418
1D9	25.1545	-240.921	461.464	0.998180	-0.0279123	0.0534636	0.0588711	0.258370	-0.964251	-0.0131010	-0.965643	-0.259543	-0.0557078	-0.0870204	0.994648	0.0231105	0.995815	0.0884169	19.4033	-245.222	477.754
1E1	24.1370	-279.120	439.341	0.998180	-0.0323416	0.0509065	0.0588703	0.705880	-0.705880	0.0131046	-0.707592	-0.706499	-0.0535522	-0.0870307	0.994765	0.0277419	0.995681	0.0886042	18.3857	-291.077	451.210
1E2	23.4001	-303.002	423.169	0.998180	-0.0351119	0.0490368	0.0595050	0.705854	-0.705854	0.00982895	-0.707487	-0.706658	-0.0519349	-0.0870381	0.994850	0.0306630	0.995586	0.0887032	17.6380	-314.946	435.046
1E3	22.6240	-325.748	405.859	0.998180	-0.0377510	0.0470352	0.0599542	0.705835	-0.705835	0.00655307	-0.707370	-0.706813	-0.0501746	-0.0870460	0.994940	0.0334658	0.995489	0.0887816	16.8541	-337.679	417.746
1E4	21.8164	-347.382	387.438	0.998180	-0.0402620	0.0449045	0.0602222	0.705823	-0.705823	0.00327680	-0.707243	-0.706963	-0.0482744	-0.0870541	0.995033	0.0361529	0.995390	0.0888393	16.0420	-359.301	399.335
1E5	20.9850	-367.920	367.920	0.998180	-0.0426465	0.0426465	0.0603113	0.705820	-0.705820	8.53810e-18	-0.707107	-0.707107	-0.0462359	-0.0870625	0.995129	0.0387259	0.995290	0.0888758	15.2090	-379.827	379.827
1E6	20.1373	-387.362	347.314	0.998180	-0.0449045	0.0402620	0.0602222	0.705823	-0.705823	-0.00327680	-0.706963	-0.707243	-0.0440600	-0.0870711	0.995227	0.0411846	0.995190	0.0888911	14.3629	-399.259	359.233
1E7	19.2808	-405.708	325.612	0.998180	-0.0470360	0.0377500	0.0599541	0.705835	-0.705835	-0.00655435	-0.706813	-0.707370	-0.0417455	-0.0870798	0.995326	0.0435289	0.995090	0.0888848	13.5109	-417.596	337.544
1E8	18.4229	-422.944	302.800	0.998180	-0.0490390	0.0351087	0.0595043	0.705854	-0.705854	-0.00983277	-0.706658	-0.707487	-0.0392904	-0.0870884	0.995425	0.0457571	0.994993	0.0888567	12.6608	-434.821	314.744
1E9	17.5717	-439.042	278.850	0.998180	-0.0509106	0.0323350	0.0588687	0.705881	-0.705880	-0.0131122	-0.706499	-0.707593	-0.0366913	-0.0870971	0.995524	0.0478665	0.994898	0.0888065	11.8205	-450.912	290.808
1F1	16.3280	-460.928	240.796	0.998180	-0.0534562	0.0279264	0.0588677	0.964251	-0.258370	0.0131165	-0.259544	-0.965642	-0.0325211	-0.0871096	0.995668	0.0507920	0.994763	0.0886895	10.5768	-477.218	245.096
1F2	15.5597	-473.528	214.849	0.998180	-0.0549224	0.0249194	0.0595035	0.964214	-0.258360	0.00983783	-0.259373	-0.965727	-0.0296523	-0.0871174	0.995757	0.0525185	0.994683	0.0885874	9.79763	-489.811	219.163
1F3	14.8475	-484.579	188.487	0.998180	-0.0562088	0.0218636	0.0599536	0.964188	-0.258353	0.00655888	-0.259194	-0.965803	-0.0267184	-0.0871246	0.995839	0.0540701	0.994610	0.0884678	9.07771	-500.855	192.816
1F4	14.1966	-494.115	161.720	0.998180	-0.0573193	0.0187601	0.0602220	0.964173	-0.258349	0.00327961	-0.259009	-0.965869	-0.0237210	-0.0871312	0.995914	0.0554505	0.994546	0.0883323	8.42219	-510.386	166.063
1F5	13.6120	-502.158	134.553	0.998180	-0.0582562	0.0156097	0.0603113	0.964167	-0.258348	1.61275e-18	-0.258819	-0.965926	-0.0206609	-0.0871371	0.995982	0.0566619	0.994492	0.0881821	7.83608	-518.424	138.911
1F6	13.0988	-508.711	106.990	0.998180	-0.0590201	0.0124129	0.0602220	0.964173	-0.258349	-0.00327961	-0.258626	-0.965972	-0.0175388	-0.0871423	0.996041	0.0577047	0.994446	0.0880188	7.32437	-524.974	111.364
1F7	12.6618	-513.772	79.0276	0.998180	-0.0596102	0.00916914	0.0599535	0.964188	-0.258353	-0.00655971	-0.258433	-0.966007	-0.0143543	-0.0871468	0.996092	0.0585782	0.994410	0.0878438	6.89196	-530.032	83.4168
1F8	12.3060	-517.318	50.6585	0.998180	-0.0600241	0.00587787	0.0595031	0.964214	-0.258360	-0.00984033	-0.258240	-0.966031	-0.0111065	-0.0871504	0.996133	0.0592798	0.994385	0.0876584	6.54393	-533.577	55.0634
1F9	12.0367	-519.316	21.8737	0.998180	-0.0602578	0.00253807	0.0588666	0.964251	-0.258370	-0.0131215	-0.258049	-0.966043	-0.00779418	-0.0871531	0.996164	0.0598055	0.994371	0.0874641	6.28555	-535.574	26.2947
1AA1	11.8074	-519.302	-21.8661	0.998180	-0.0602579	-0.00253726	0.0588664	0.964251	0.258370	0.0131223	0.258049	-0.966043	-0.00272917	-0.0871554	0.996191	0.0602495	0.994371	0.0871612	6.05628	-535.561	-26.2871
1AA2	11.7771	-517.287	-50.6473	0.998180	-0.0600242	-0.00587693	0.0595029	0.964214	0.258361	0.00984127	0.258240	-0.966031	0.000624250	-0.0871557	0.996194	0.0603080	0.994385	0.0869596	6.01500	-533.546	-55.0522
1AA3	11.8424	-513.724	-79.0129	0.998180	-0.0596103	-0.00916832	0.0599534	0.964188	0.258354	0.00656055	0.258433	-0.966007	0.00394520	-0.0871551	0.996187	0.0601821	0.994410	0.0867612	6.07254	-529.984	-83.4022
1AA4	12.0005	-508.647	-106.973	0.998180	-0.0590202	-0.0124124	0.0602220	0.964173	0.258349	0.00328013	0.258627	-0.965972	0.00723420	-0.0871535	0.996169	0.0598758	0.994445	0.0865678	6.22609	-524.910	-111.346
1AA5	12.2489	-502.078	-134.531	0.998180	-0.0582562	-0.0156097	0.0603113	0.964167	0.258348	-2.57837e-18	0.258819	-0.965926	0.0104915	-0.0871509	0.996140	0.0593917	0.994490	0.0863811	6.47292	-518.344	-138.890
1AA6	12.5848	-494.021	-161.694	0.998180	-0.0573192	-0.0187606	0.0602220	0.964173	0.258349	-0.00328013	0.259009	-0.965869	0.0137172	-0.0871475	0.996101	0.0587306	0.994545	0.0862026	6.81041	-510.292	-166.037
1AA7	13.0057	-484.471	-188.457	0.998180	-0.0562084	-0.0218647	0.0599534	0.964188	0.258354	-0.00656010	0.259194	-0.965803	0.0169110	-0.0871433	0.996052	0.0578918	0.994609	0.0860341	7.23591	-500.748	-192.786
1AA8	13.5088	-473.408	-214.815	0.998180	-0.0549215	-0.0249213	0.0595031	0.964214	0.258361	-0.00983994	0.259373	-0.965727	0.0200723	-0.0871382	0.995994	0.0568731	0.994681	0.0858772	7.74676	-489.690	-219.129
1AA9	14.0914	-460.795	-240.758	0.998180	-0.0534547	-0.0279292	0.0588670	0.964251	0.258370	-0.0131196	0.259544	-0.965642	0.0232000	-0.0871323	0.995927	0.0556705	0.994762	0.0857335	8.34023	-477.086	-245.058
1BB1	15.1041	-438.935	-278.741	0.998180	-0.0509128	-0.0323316	0.0588678	0.705880	0.705881	0.0131161	0.706499	-0.707593	0.0278111	-0.0871220	0.995809	0.0535162	0.994896	0.0855475	9.35291	-450.804	-290.699
1BB2	15.8426	-422.832	-302.687	0.998180	-0.0490408	-0.0351062	0.0595038	0.705854	0.705854	0.00983581	0.706658	-0.707487	0.0307399	-0.0871146	0.995724	0.0518894	0.994990	0.0854485	10.0805	-434.710	-314.631
1BB3	16.6201	-405.594	-325.498	0.998180	-0.0470373	-0.0377484	0.0599538	0.705835	0.705835	0.00655641	0.706813	-0.707370	0.0335474	-0.0871067	0.995634	0.0501200	0.995088	0.0853701	10.8503	-417.481	-337.429
1BB4	17.4287	-387.246	-347.198	0.998180	-0.0449052	-0.0402612	0.0602221	0.705823	0.705823	0.00327784	0.706963	-0.707243	0.0362365	-0.0870985	0.995540	0.0482117	0.995187	0.0853127	11.6543	-399.143	-359.117
1BB5	18.2608	-367.803	-367.803	0.998180	-0.0426465	-0.0426465	0.0603113	0.705819	0.705820	6.83048e-18	0.707107	-0.707107	0.0388088	-0.0870901	0.995444	0.0461663	0.995287	0.0852765	12.4848	-379.711	-379.711
1BB6	19.1089	-347.266	-387.322	0.998180	-0.0402612	-0.0449052	0.0602221	0.705823	0.705823	-0.00327784	0.707243	-0.706963	0.0412654	-0.0870815	0.995346	0.0439843	0.995387	0.0852616	13.3345	-359.185	-399.219
1BB7	19.9654	-325.633	-405.745	0.998180	-0.0377494	-0.0470365	0.0599540	0.705835	0.705835	-0.00655513	0.707370	-0.706813	0.0436053	-0.0870728	0.995247	0.0416656	0.995486	0.0852683	14.1956	-337.564	-417.632
1BB8	20.8227	-302.890	-423.057	0.998180	-0.0351093	-0.0490386	0.0595044	0.705854	0.705854	-0.00983199	0.707487	-0.706658	0.0458273	-0.0870642	0.995148	0.0392085	0.995584	0.0852967	15.0606	-314.834	-434.935
1BB9	21.6729	-279.010	-439.234	0.998180	-0.0323382	-0.0509086	0.0588695	0.705880	0.705881	-0.0131085	0.707592	-0.706499	0.0479287	-0.0870556	0.995050	0.0366100	0.995678	0.0853472	15.9216	-290.968	-451.103
1CC1	22.9197	-240.883	-461.332	0.998180	-0.0279151	-0.0534621	0.0588704	0.258370	0.964251	0.0131041	0.965643	-0.259543	0.0508525	-0.0870430	0.994906	0.0324264	0.995813	0.0854650	17.1684	-245.184	-477.622
1CC2	23.6868	-214.965	-474.015	0.998180	-0.0249093	-0.0549270	0.0595053	0.258360	0.964214	0.00982693	0.965727	-0.259372	0.0525700	-0.0870352	0.994817	0.0295608	0.995894	0.0855673	17.9247	-219.279	-490.298
1CC3	24.3975	-188.629	-485.143	0.998180	-0.0218558	-0.0562118	0.0599545	0.258353	0.964188	0.00655061	0.965803	-0.259193	0.0541123	-0.0870280	0.994735	0.0266328	0.995966	0.0856870	18.6277	-192.958	-501.419
1CC4	25.0468	-161.886	-494.751	0.998180	-0.0187558	-0.0573208	0.0602223	0.258349	0.964173	0.00327503	0.965870	-0.259008	0.0554835	-0.0870215	0.994660	0.0236438	0.996030	0.0858224	19.2724	-166.230	-511.021
1CC5	25.6297	-134.741	-502.859	0.998180	-0.0156097	-0.0582562	0.0603113	0.258348	0.964168	-2.58176e-18	0.965926	-0.258819	0.0566861	-0.0870156	0.994593	0.0205945	0.996085	0.0859723	19.8538	-139.099	-519.125
1CC6	26.1416	-107.191	-509.475	0.998180	-0.0124174	-0.0590191	0.0602223	0.258349	0.964173	-0.00327503	0.965972	-0.258627	0.0577211	-0.0870104	0.994534	0.0174848	0.996130	0.0861353	20.3671	-111.565	-525.737
1CC7	26.5774	-79.2408	-514.590	0.998180	-0.00917903	-0.0596087	0.0599546	0.258353	0.964188	-0.00654978	0.966007	-0.258433	0.0585879	-0.0870060	0.994483	0.0143147	0.996166	0.0863099	20.8075	-83.6299	-530.850
1CC8	26.9322	-50.8832	-518.184	0.998180	-0.00589393	-0.0600226	0.0595057	0.258360	0.964214	-0.00982444	0.966031	-0.258241	0.0592841	-0.0870024	0.994443	0.0110833	0.996191	0.0864947	21.1701	-55.2881	-534.443
1CC9	27.2010	-22.1094	-520.223	0.998180	-0.00256091	-0.0602569	0.0588715	0.258370	0.964251	-0.0130992	0.966043	-0.258050	0.0598062	-0.0869997	0.994412	0.00778893	0.996205	0.0866882	21.4498	-26.5303	-536.481
1DD1	27.4320	22.1173	-520.237	0.998180	0.00256175	-0.0602568	0.0588717	-0.258370	0.964250	0.0130984	0.966043	0.258051	0.0602510	-0.0869974	0.994385	0.00269482	0.996205	0.0869934	21.6807	26.5381	-536.495
1DD2	27.4616	50.8946	-518.215	0.998180	0.00589489	-0.0600225	0.0595059	-0.258361	0.964214	0.00982351	0.966031	0.258241	0.0603079	-0.0869971	0.994381	-0.000639984	0.996191	0.0871942	21.6995	55.2995	-534.474
1DD3	27.3962	79.2556	-514.638	0.998180	0.00917988	-0.0596085	0.0599546	-0.258354	0.964188	0.00654895	0.966007	0.258434	0.0601823	-0.0869978	0.994389	-0.00394256	0.996166	0.0873919	21.6263	83.6447	-530.898
1DD4	27.2384	107.210	-509.538	0.998180	0.0124179	-0.0590190	0.0602223	-0.258349	0.964173	0.00327452	0.965972	0.258627	0.0598783	-0.0869994	0.994407	-0.00721385	0.996131	0.0875845	21.4639	111.583	-525.801
1DD5	26.9908	134.762	-502.938	0.998180	0.0156097	-0.0582562	0.0603113	-0.258348	0.964167	2.34120e-18	0.965926	0.258819	0.0593982	-0.0870019	0.994436	-0.0104545	0.996086	0.0877707	21.2148	139.120	-519.204
1DD6	26.6560	161.912	-494.845	0.998180	0.0187553	-0.0573209	0.0602223	-0.258349	0.964173	-0.00327452	0.965869	0.259009	0.0587429	-0.0870052	0.994474	-0.0136644	0.996031	0.0879486	20.8816	166.256	-511.115
1DD7	26.2367	188.660	-485.250	0.998180	0.0218547	-0.0562123	0.0599546	-0.258354	0.964188	-0.00654939	0.965803	0.259194	0.0579114	-0.0870095	0.994523	-0.0168440	0.995968	0.0881167	20.4668	192.989	-501.526
1DD8	25.7353	214.999	-474.135	0.998180	0.0249074	-0.0549279	0.0595056	-0.258361	0.964214	-0.00982483	0.965727	0.259372	0.0569011	-0.0870145	0.994581	-0.0199929	0.995896	0.0882734	19.9731	219.314	-490.418
1DD9	25.1545	240.921	-461.464	0.998180	0.0279123	-0.0534636	0.0588711	-0.258370	0.964251	-0.0131010	0.965643	0.259543	0.0557078	-0.0870204	0.994648	-0.0231105	0.995815	0.0884169	19.4033	245.222	-477.754
1EE1	24.1370	279.120	-439.341	0.998180	0.0323416	-0.0509065	0.0588703	-0.705881	0.705880	0.0131046	0.707592	0.706500	0.0535522	-0.0870307	0.994765	-0.0277419	0.995681	0.0886042	18.3857	291.077	-451.210
1EE2	23.4001	303.002	-423.169	0.998180	0.0351119	-0.0490368	0.0595050	-0.705854	0.705854	0.00982895	0.707487	0.706658	0.0519349	-0.0870381	0.994850	-0.0306630	0.995586	0.0887032	17.6380	314.946	-435.046
1EE3	22.6240	325.748	-405.859	0.998180	0.0377510	-0.0470352	0.0599542	-0.705835	0.705835	0.00655307	0.707370	0.706813	0.0501746	-0.0870460	0.994940	-0.0334658	0.995489	0.0887816	16.8541	337.679	-417.746
1EE4	21.8164	347.382	-387.438	0.998180	0.0402620	-0.0449045	0.0602222	-0.705823	0.705823	0.00327680	0.707243	0.706963	0.0482744	-0.0870541	0.995033	-0.0361529	0.995390	0.0888393	16.0420	359.301	-399.335
1EE5	20.9850	367.920	-367.920	0.998180	0.0426465	-0.0426465	0.0603113	-0.705820	0.705819	-4.17418e-18	0.707107	0.707107	0.0462359	-0.0870625	0.995129	-0.0387259	0.995290	0.0888758	15.2090	379.828	-379.827
1EE6	20.1373	387.362	-347.314	0.998180	0.0449045	-0.0402620	0.0602222	-0.705823	0.705823	-0.00327680	0.706963	0.707243	0.0440599	-0.0870711	0.995227	-0.0411846	0.995190	0.0888911	14.3629	399.259	-359.233
1EE7	19.2808	405.708	-325.612	0.998180	0.0470360	-0.0377500	0.0599541	-0.705835	0.705835	-0.00655435	0.706813	0.707370	0.0417455	-0.0870798	0.995326	-0.0435289	0.995090	0.0888848	13.5109	417.596	-337.544
1EE8	18.4229	422.944	-302.800	0.998180	0.0490390	-0.0351087	0.0595043	-0.705854	0.705854	-0.00983277	0.706658	0.707487	0.0392904	-0.0870884	0.995425	-0.0457571	0.994993	0.0888567	12.6608	434.821	-314.744
1EE9	17.5717	439.042	-278.850	0.998180	0.0509106	-0.0323350	0.0588687	-0.705881	0.705880	-0.0131122	0.706499	0.707593	0.0366912	-0.0870971	0.995524	-0.0478665	0.994898	0.0888065	11.8205	450.912	-290.808
1FF1	16.3280	460.928	-240.796	0.998180	0.0534562	-0.0279264	0.0588677	-0.964251	0.258370	0.0131165	0.259544	0.965642	0.0325211	-0.0871096	0.995668	-0.0507920	0.994763	0.0886895	10.5768	477.218	-245.096
1FF2	15.5597	473.528	-214.849	0.998180	0.0549224	-0.0249194	0.0595035	-0.964214	0.258360	0.00983783	0.259373	0.965727	0.0296523	-0.0871174	0.995757	-0.0525185	0.994683	0.0885874	9.79763	489.811	-219.163
1FF3	14.8475	484.579	-188.487	0.998180	0.0562088	-0.0218636	0.0599536	-0.964188	0.258353	0.00655888	0.259194	0.965803	0.0267184	-0.0871246	0.995839	-0.0540701	0.994610	0.0884678	9.07771	500.855	-192.816
1FF4	14.1966	494.115	-161.720	0.998180	0.0573193	-0.0187601	0.0602220	-0.964173	0.258349	0.00327961	0.259009	0.965869	0.0237210	-0.0871312	0.995914	-0.0554505	0.994546	0.0883323	8.42219	510.386	-166.063
1FF5	13.6120	502.158	-134.553	0.998180	0.0582562	-0.0156097	0.0603113	-0.964168	0.258348	1.12486e-18	0.258819	0.965926	0.0206609	-0.0871371	0.995982	-0.0566619	0.994492	0.0881821	7.83608	518.424	-138.911
1FF6	13.0988	508.711	-106.990	0.998180	0.0590201	-0.0124129	0.0602220	-0.964173	0.258349	-0.00327961	0.258626	0.965972	0.0175388	-0.0871423	0.996041	-0.0577047	0.994446	0.0880188	7.32437	524.974	-111.364
1FF7	12.6618	513.772	-79.0275	0.998180	0.0596102	-0.00916914	0.0599535	-0.964188	0.258353	-0.00655971	0.258433	0.966007	0.0143543	-0.0871468	0.996092	-0.0585782	0.994410	0.0878438	6.89196	530.032	-83.4167
1FF8	12.3060	517.318	-50.6584	0.998180	0.0600241	-0.00587787	0.0595031	-0.964214	0.258360	-0.00984033	0.258240	0.966031	0.0111065	-0.0871504	0.996133	-0.0592798	0.994385	0.0876584	6.54393	533.577	-55.0634
1FF9	12.0367	519.316	-21.8737	0.998180	0.0602578	-0.00253807	0.0588666	-0.964251	0.258370	-0.0131215	0.258049	0.966043	0.00779418	-0.0871531	0.996164	-0.0598055	0.994371	0.0874641	6.28554	535.574	-26.2947
3A1	22.8154	418.215	24.1004	0.998819	0.0484971	0.00279473	0.0475703	-0.964832	-0.258526	0.00984133	-0.258354	0.966000	0.00144441	-0.0871556	0.996194	-0.0485561	0.995014	0.0871228	17.2550	434.539	28.5228
3A2	22.8218	415.579	52.7148	0.998819	0.0481914	0.00611291	0.0481325	-0.964806	-0.258519	0.00656063	-0.258508	0.965987	-0.00189172	-0.0871556	0.996193	-0.0485408	0.995028	0.0869615	17.2517	431.904	57.1213
3A3	22.9223	411.044	80.8196	0.998819	0.0476650	0.00937190	0.0484667	-0.964791	-0.258515	0.00328019	-0.258664	0.965962	-0.00518801	-0.0871546	0.996181	-0.0482998	0.995054	0.0868044	17.3465	427.372	85.2106
3A4	23.1135	404.649	108.425	0.998819	0.0469224	0.0125728	0.0485776	-0.964785	-0.258513	1.13672e-18	-0.258819	0.965926	-0.00844508	-0.0871526	0.996159	-0.0478379	0.995089	0.0866535	17.5359	420.980	112.801
3A5	23.3923	396.406	135.538	0.998819	0.0459650	0.0157162	0.0484667	-0.964791	-0.258515	-0.00328019	-0.258971	0.965879	-0.0116632	-0.0871498	0.996127	-0.0471567	0.995134	0.0865108	17.8165	412.742	139.899
3A6	23.7552	386.303	162.152	0.998819	0.0447916	0.0188015	0.0481326	-0.964806	-0.258519	-0.00656027	-0.259119	0.965823	-0.0148420	-0.0871461	0.996085	-0.0462547	0.995188	0.0863785	18.1852	402.644	166.498
3A7	24.1990	374.300	188.258	0.998819	0.0433976	0.0218273	0.0475705	-0.964832	-0.258526	-0.00984026	-0.259259	0.965758	-0.0179802	-0.0871416	0.996034	-0.0451275	0.995250	0.0862585	18.6386	390.648	192.590
3B1	25.0960	350.212	230.064	0.998819	0.0406005	0.0266717	0.0475710	-0.706306	-0.706306	0.00983804	-0.706741	0.707404	-0.0230527	-0.0871326	0.995930	-0.0427593	0.995369	0.0860938	19.5356	362.137	242.056
3B2	25.7037	333.643	253.545	0.998819	0.0386770	0.0293918	0.0481329	-0.706287	-0.706287	0.00655803	-0.706868	0.707315	-0.0259309	-0.0871264	0.995860	-0.0410776	0.995446	0.0860206	20.1336	345.577	265.524
3B3	26.3463	315.682	275.633	0.998819	0.0365922	0.0319499	0.0484668	-0.706276	-0.706276	0.00327871	-0.706990	0.707215	-0.0286612	-0.0871199	0.995785	-0.0392214	0.995526	0.0859683	20.7705	327.626	287.600
3B4	27.0143	296.358	296.358	0.998819	0.0343495	0.0343496	0.0485776	-0.706272	-0.706272	-2.88669e-18	-0.707107	0.707107	-0.0312467	-0.0871132	0.995708	-0.0371944	0.995606	0.0859370	21.4366	308.313	308.313
3B5	27.6984	275.676	315.732	0.998819	0.0319499	0.0365922	0.0484668	-0.706276	-0.706276	-0.00327871	-0.707215	0.706990	-0.0336890	-0.0871063	0.995629	-0.0349977	0.995687	0.0859271	22.1226	287.643	327.676
3B6	28.3891	253.631	333.741	0.998819	0.0293926	0.0386763	0.0481330	-0.706287	-0.706287	-0.00655700	-0.707315	0.706868	-0.0359866	-0.0870993	0.995549	-0.0326305	0.995766	0.0859387	22.8190	265.610	345.676
3B7	29.0769	230.193	350.359	0.998819	0.0266743	0.0405988	0.0475716	-0.706306	-0.706306	-0.00983497	-0.707404	0.706741	-0.0381368	-0.0870923	0.995470	-0.0300893	0.995843	0.0859722	23.5165	242.185	362.284
3C1	30.1787	188.325	374.591	0.998819	0.0218200	0.0434013	0.0475722	-0.258526	-0.964832	0.00983225	-0.965758	0.259259	-0.0413479	-0.0870812	0.995343	-0.0254978	0.995962	0.0860762	24.6183	192.658	390.939
3C2	30.7791	162.236	386.638	0.998819	0.0187958	0.0447940	0.0481334	-0.258519	-0.964806	0.00655424	-0.965823	0.259119	-0.0429964	-0.0870751	0.995273	-0.0226074	0.996024	0.0861642	25.2090	166.582	402.979
3C3	31.3205	135.635	396.780	0.998819	0.0157131	0.0459661	0.0484670	-0.258515	-0.964791	0.00327689	-0.965879	0.258971	-0.0444303	-0.0870697	0.995211	-0.0196401	0.996078	0.0862687	25.7448	139.996	413.116
3C4	31.7969	108.535	405.057	0.998819	0.0125728	0.0469224	0.0485776	-0.258513	-0.964785	6.22400e-18	-0.965926	0.258819	-0.0456543	-0.0870649	0.995156	-0.0165972	0.996123	0.0863881	26.2192	112.910	421.388
3C5	32.2020	80.9347	411.482	0.998819	0.00937515	0.0476643	0.0484670	-0.258515	-0.964791	-0.00327689	-0.965962	0.258664	-0.0466701	-0.0870608	0.995109	-0.0134790	0.996159	0.0865204	26.6263	85.3257	427.809
3C6	32.5300	52.8353	416.040	0.998819	0.00611999	0.0481905	0.0481335	-0.258519	-0.964806	-0.00655357	-0.965987	0.258508	-0.0474763	-0.0870575	0.995071	-0.0102852	0.996184	0.0866641	26.9600	57.2418	432.365
3C7	32.7746	24.2258	418.693	0.998819	0.00280604	0.0484965	0.0475726	-0.258526	-0.964832	-0.00983025	-0.966000	0.258354	-0.0480686	-0.0870550	0.995043	-0.00701399	0.996200	0.0868173	27.2141	28.6482	435.017
3D1	32.9783	-24.2309	418.703	0.998819	-0.00280655	0.0484965	0.0475727	0.258526	-0.964832	0.00982974	-0.966000	-0.258354	-0.0485566	-0.0870529	0.995020	-0.00142918	0.996200	0.0870864	27.4179	-28.6533	435.027
3D2	32.9716	-52.8424	416.061	0.998819	-0.00612050	0.0481905	0.0481336	0.258519	-0.964806	0.00655306	-0.965987	-0.258509	-0.0485406	-0.0870530	0.995020	0.00189490	0.996185	0.0872473	27.4016	-57.2489	432.386
3D3	32.8712	-80.9439	411.513	0.998819	-0.00937548	0.0476643	0.0484670	0.258515	-0.964791	0.00327655	-0.965962	-0.258664	-0.0483007	-0.0870540	0.995032	0.00517954	0.996159	0.0874041	27.2954	-85.3349	427.840
3D4	32.6804	-108.546	405.099	0.998819	-0.0125728	0.0469224	0.0485776	0.258514	-0.964785	-1.40099e-18	-0.965926	-0.258819	-0.0478413	-0.0870559	0.995054	0.00842576	0.996124	0.0875547	27.1027	-112.922	421.429
3D5	32.4023	-135.650	396.831	0.998819	-0.0157127	0.0459662	0.0484670	0.258515	-0.964791	-0.00327655	-0.965879	-0.258971	-0.0471640	-0.0870588	0.995086	0.0116338	0.996079	0.0876970	26.8265	-140.011	413.166
3D6	32.0402	-162.253	386.698	0.998819	-0.0187951	0.0447943	0.0481335	0.258519	-0.964806	-0.00655342	-0.965823	-0.259119	-0.0462670	-0.0870624	0.995128	0.0148036	0.996026	0.0878292	26.4701	-166.599	403.039
3D7	31.5973	-188.345	374.659	0.998819	-0.0218187	0.0434020	0.0475725	0.258526	-0.964832	-0.00983081	-0.965758	-0.259259	-0.0451457	-0.0870669	0.995179	0.0179346	0.995964	0.0879491	26.0369	-192.677	391.007
3E1	30.6988	-230.251	350.415	0.998819	-0.0266760	0.0405977	0.0475720	0.706306	-0.706306	0.00983303	-0.707404	-0.706741	-0.0427796	-0.0870759	0.995283	0.0230150	0.995844	0.0881143	25.1384	-242.243	362.341
3E2	30.0919	-253.691	333.800	0.998819	-0.0293937	0.0386755	0.0481332	0.706287	-0.706287	0.00655566	-0.707315	-0.706868	-0.0411040	-0.0870821	0.995353	0.0258891	0.995767	0.0881875	24.5218	-265.669	345.735
3E3	29.4498	-275.737	315.792	0.998819	-0.0319504	0.0365917	0.0484669	0.706276	-0.706276	0.00327803	-0.707215	-0.706991	-0.0392532	-0.0870886	0.995427	0.0286176	0.995688	0.0882399	23.8740	-287.703	327.736
3E4	28.7822	-296.419	296.419	0.998819	-0.0343496	0.0343495	0.0485776	0.706272	-0.706272	5.08897e-18	-0.707107	-0.707107	-0.0372308	-0.0870953	0.995504	0.0312034	0.995608	0.0882713	23.2045	-308.374	308.374
3E5	28.0983	-315.742	275.694	0.998819	-0.0365917	0.0319504	0.0484669	0.706276	-0.706276	-0.00327803	-0.706990	-0.707215	-0.0350379	-0.0871022	0.995583	0.0336471	0.995527	0.0882815	22.5225	-327.687	287.660
3E6	27.4075	-333.702	253.604	0.998819	-0.0386762	0.0293928	0.0481331	0.706287	-0.706287	-0.00655669	-0.706868	-0.707315	-0.0326730	-0.0871092	0.995663	0.0359480	0.995448	0.0882700	21.8375	-345.636	265.583
3E7	26.7193	-350.268	230.122	0.998819	-0.0405995	0.0266734	0.0475714	0.706306	-0.706306	-0.00983609	-0.706741	-0.707404	-0.0301322	-0.0871162	0.995742	0.0381029	0.995371	0.0882367	21.1589	-362.194	242.114
3F1	25.6185	-374.367	188.278	0.998819	-0.0433983	0.0218260	0.0475708	0.964832	-0.258526	0.00983882	-0.259259	-0.965758	-0.0255472	-0.0871273	0.995870	0.0413174	0.995251	0.0881331	20.0581	-390.715	192.610
3F2	25.0174	-386.362	162.169	0.998819	-0.0447919	0.0188007	0.0481327	0.964806	-0.258519	0.00655945	-0.259119	-0.965823	-0.0226540	-0.0871334	0.995939	0.0429719	0.995189	0.0880452	19.4474	-402.703	166.516
3F3	24.4751	-396.457	135.552	0.998819	-0.0459651	0.0157159	0.0484667	0.964791	-0.258515	0.00327985	-0.258971	-0.965879	-0.0196816	-0.0871389	0.996002	0.0444119	0.995135	0.0879406	18.8993	-412.792	139.913
3F4	23.9979	-404.691	108.437	0.998819	-0.0469224	0.0125728	0.0485776	0.964785	-0.258513	2.72745e-18	-0.258819	-0.965926	-0.0166319	-0.0871437	0.996057	0.0456417	0.995090	0.0878212	18.4202	-421.021	112.812
3F5	23.5920	-411.076	80.8287	0.998819	-0.0476649	0.00937222	0.0484667	0.964791	-0.258515	-0.00327985	-0.258664	-0.965962	-0.0135055	-0.0871478	0.996104	0.0466624	0.995054	0.0876886	18.0162	-427.403	85.2197
3F6	23.2635	-415.600	52.7218	0.998819	-0.0481914	0.00611342	0.0481326	0.964806	-0.258519	-0.00656012	-0.258508	-0.965987	-0.0103019	-0.0871511	0.996142	0.0474727	0.995029	0.0875447	17.6934	-431.925	57.1284
3F7	23.0186	-418.225	24.1053	0.998819	-0.0484971	0.00279524	0.0475704	0.964832	-0.258526	-0.00984082	-0.258354	-0.966000	-0.00701952	-0.0871536	0.996170	0.0480678	0.995014	0.0873911	17.4582	-434.549	28.5278
3AA1	22.8154	-418.215	-24.1004	0.998819	-0.0484971	-0.00279473	0.0475703	0.964832	0.258526	0.00984133	0.258354	-0.966000	-0.00144441	-0.0871556	0.996194	0.0485561	0.995014	0.0871228	17.2550	-434.539	-28.5228
3AA2	22.8218	-415.579	-52.7148	0.998819	-0.0481914	-0.00611292	0.0481325	0.964806	0.258519	0.00656063	0.258508	-0.965987	0.00189172	-0.0871556	0.996193	0.0485408	0.995028	0.0869615	17.2517	-431.904	-57.1214
3AA3	22.9223	-411.044	-80.8196	0.998819	-0.0476650	-0.00937190	0.0484667	0.964791	0.258515	0.00328019	0.258664	-0.965962	0.00518802	-0.0871546	0.996181	0.0482998	0.995054	0.0868044	17.3465	-427.372	-85.2106
3AA4	23.1135	-404.649	-108.425	0.998819	-0.0469224	-0.0125728	0.0485776	0.964785	0.258514	5.48877e-19	0.258819	-0.965926	0.00844509	-0.0871526	0.996159	0.0478379	0.995089	0.0866535	17.5359	-420.980	-112.801
3AA5	23.3923	-396.406	-135.538	0.998819	-0.0459650	-0.0157162	0.0484667	0.964791	0.258515	-0.00328019	0.258971	-0.965879	0.0116633	-0.0871498	0.996127	0.0471567	0.995134	0.0865108	17.8165	-412.742	-139.899
3AA6	23.7552	-386.303	-162.152	0.998819	-0.0447916	-0.0188015	0.0481326	0.964806	0.258519	-0.00656027	0.259119	-0.965823	0.0148420	-0.0871461	0.996085	0.0462547	0.995188	0.0863785	18.1852	-402.644	-166.498
3AA7	24.1990	-374.300	-188.258	0.998819	-0.0433976	-0.0218273	0.0475705	0.964832	0.258526	-0.00984026	0.259259	-0.965758	0.0179802	-0.0871416	0.996034	0.0451275	0.995250	0.0862585	18.6386	-390.648	-192.590
3BB1	25.0960	-350.212	-230.064	0.998819	-0.0406005	-0.0266717	0.0475710	0.706306	0.706306	0.00983804	0.706741	-0.707404	0.0230527	-0.0871326	0.995930	0.0427593	0.995369	0.0860938	19.5356	-362.137	-242.056
3BB2	25.7037	-333.643	-253.545	0.998819	-0.0386770	-0.0293918	0.0481329	0.706287	0.706287	0.00655803	0.706868	-0.707315	0.0259309	-0.0871264	0.995860	0.0410776	0.995446	0.0860206	20.1336	-345.577	-265.524
3BB3	26.3463	-315.682	-275.633	0.998819	-0.0365922	-0.0319499	0.0484668	0.706276	0.706276	0.00327871	0.706991	-0.707215	0.0286612	-0.0871199	0.995785	0.0392214	0.995526	0.0859683	20.7705	-327.626	-287.600
3BB4	27.0143	-296.358	-296.358	0.998819	-0.0343495	-0.0343496	0.0485776	0.706272	0.706272	-4.51638e-18	0.707107	-0.707107	0.0312467	-0.0871132	0.995708	0.0371944	0.995606	0.0859370	21.4366	-308.313	-308.313
3BB5	27.6984	-275.676	-315.732	0.998819	-0.0319499	-0.0365922	0.0484668	0.706276	0.706276	-0.00327871	0.707216	-0.706990	0.0336890	-0.0871063	0.995629	0.0349977	0.995687	0.0859271	22.1226	-287.643	-327.676
3BB6	28.3891	-253.631	-333.741	0.998819	-0.0293926	-0.0386763	0.0481330	0.706287	0.706287	-0.00655700	0.707315	-0.706868	0.0359866	-0.0870993	0.995549	0.0326305	0.995766	0.0859387	22.8190	-265.610	-345.676
3BB7	29.0769	-230.193	-350.359	0.998819	-0.0266743	-0.0405988	0.0475716	0.706306	0.706306	-0.00983497	0.707404	-0.706741	0.0381368	-0.0870923	0.995470	0.0300893	0.995843	0.0859722	23.5165	-242.185	-362.284
3CC1	30.1787	-188.325	-374.591	0.998819	-0.0218200	-0.0434013	0.0475722	0.258526	0.964832	0.00983225	0.965758	-0.259259	0.0413479	-0.0870812	0.995343	0.0254978	0.995962	0.0860762	24.6183	-192.657	-390.939
3CC2	30.7791	-162.236	-386.638	0.998819	-0.0187958	-0.0447940	0.0481334	0.258519	0.964806	0.00655424	0.965823	-0.259118	0.0429964	-0.0870751	0.995273	0.0226074	0.996024	0.0861642	25.2090	-166.582	-402.979
3CC3	31.3205	-135.635	-396.780	0.998819	-0.0157131	-0.0459661	0.0484670	0.258515	0.964791	0.00327689	0.965879	-0.258971	0.0444303	-0.0870697	0.995211	0.0196401	0.996078	0.0862687	25.7448	-139.996	-413.116
3CC4	31.7969	-108.535	-405.057	0.998819	-0.0125728	-0.0469224	0.0485776	0.258513	0.964786	7.31837e-19	0.965926	-0.258819	0.0456543	-0.0870649	0.995156	0.0165972	0.996123	0.0863881	26.2192	-112.910	-421.388
3CC5	32.2020	-80.9347	-411.482	0.998819	-0.00937514	-0.0476643	0.0484670	0.258515	0.964791	-0.00327689	0.965962	-0.258664	0.0466701	-0.0870608	0.995109	0.0134790	0.996159	0.0865204	26.6263	-85.3257	-427.809
3CC6	32.5300	-52.8352	-416.040	0.998819	-0.00611998	-0.0481905	0.0481335	0.258519	0.964806	-0.00655357	0.965987	-0.258508	0.0474763	-0.0870575	0.995071	0.0102852	0.996184	0.0866641	26.9600	-57.2417	-432.365
3CC7	32.7746	-24.2258	-418.693	0.998819	-0.00280603	-0.0484965	0.0475726	0.258526	0.964832	-0.00983025	0.966000	-0.258354	0.0480686	-0.0870550	0.995043	0.00701398	0.996200	0.0868173	27.2141	-28.6482	-435.017
3DD1	32.9783	24.2309	-418.703	0.998819	0.00280656	-0.0484965	0.0475727	-0.258526	0.964832	0.00982974	0.966000	0.258354	0.0485566	-0.0870529	0.995020	0.00142918	0.996200	0.0870864	27.4179	28.6533	-435.027
3DD2	32.9716	52.8424	-416.061	0.998819	0.00612051	-0.0481905	0.0481336	-0.258519	0.964806	0.00655306	0.965987	0.258509	0.0485406	-0.0870530	0.995020	-0.00189490	0.996185	0.0872473	27.4016	57.2490	-432.386
3DD3	32.8712	80.9439	-411.513	0.998819	0.00937549	-0.0476643	0.0484670	-0.258515	0.964791	0.00327655	0.965962	0.258664	0.0483007	-0.0870540	0.995032	-0.00517954	0.996159	0.0874041	27.2954	85.3349	-427.840
3DD4	32.6804	108.546	-405.099	0.998819	0.0125728	-0.0469224	0.0485776	-0.258514	0.964785	1.08590e-18	0.965926	0.258819	0.0478413	-0.0870559	0.995054	-0.00842576	0.996124	0.0875547	27.1027	112.922	-421.429
3DD5	32.4023	135.650	-396.831	0.998819	0.0157127	-0.0459662	0.0484670	-0.258515	0.964791	-0.00327655	0.965879	0.258971	0.0471640	-0.0870588	0.995086	-0.0116338	0.996079	0.0876970	26.8265	140.011	-413.166
3DD6	32.0402	162.253	-386.697	0.998819	0.0187951	-0.0447943	0.0481335	-0.258519	0.964806	-0.00655342	0.965823	0.259119	0.0462670	-0.0870624	0.995128	-0.0148036	0.996026	0.0878292	26.4701	166.599	-403.039
3DD7	31.5973	188.345	-374.659	0.998819	0.0218187	-0.0434020	0.0475725	-0.258526	0.964832	-0.00983081	0.965758	0.259259	0.0451457	-0.0870669	0.995179	-0.0179346	0.995964	0.0879491	26.0369	192.677	-391.007
3EE1	30.6988	230.251	-350.415	0.998819	0.0266760	-0.0405977	0.0475720	-0.706306	0.706306	0.00983303	0.707404	0.706742	0.0427796	-0.0870759	0.995283	-0.0230151	0.995844	0.0881143	25.1384	242.243	-362.341
3EE2	30.0919	253.691	-333.800	0.998819	0.0293937	-0.0386755	0.0481332	-0.706287	0.706287	0.00655566	0.707315	0.706868	0.0411040	-0.0870821	0.995353	-0.0258891	0.995767	0.0881875	24.5218	265.669	-345.735
3EE3	29.4498	275.737	-315.792	0.998819	0.0319504	-0.0365917	0.0484669	-0.706276	0.706276	0.00327803	0.707215	0.706991	0.0392532	-0.0870886	0.995427	-0.0286176	0.995688	0.0882399	23.8740	287.703	-327.736
3EE4	28.7822	296.419	-296.419	0.998819	0.0343496	-0.0343495	0.0485776	-0.706272	0.706272	3.04254e-18	0.707107	0.707107	0.0372308	-0.0870953	0.995504	-0.0312034	0.995608	0.0882713	23.2045	308.374	-308.374
3EE5	28.0983	315.742	-275.694	0.998819	0.0365917	-0.0319504	0.0484669	-0.706276	0.706276	-0.00327803	0.706990	0.707216	0.0350379	-0.0871022	0.995583	-0.0336471	0.995527	0.0882815	22.5225	327.687	-287.660
3EE6	27.4075	333.702	-253.604	0.998819	0.0386762	-0.0293928	0.0481331	-0.706287	0.706287	-0.00655669	0.706868	0.707315	0.0326730	-0.0871092	0.995663	-0.0359480	0.995448	0.0882700	21.8375	345.636	-265.583
3EE7	26.7193	350.268	-230.122	0.998819	0.0405995	-0.0266733	0.0475714	-0.706306	0.706306	-0.00983609	0.706741	0.707404	0.0301322	-0.0871162	0.995742	-0.0381029	0.995371	0.0882367	21.1589	362.194	-242.114
