<?xml version="1.0" encoding ="UTF-8"?>

<X3D profile="Immersive" version="3.0">
  <head>
    <meta name="filename" content="code/marxs/docs/_static/chandra.x3d"/>
    <meta name="generator" content="Visualization ToolKit X3D exporter v0.9.1"/>
    <meta name="numberofelements" content="343"/>
  </head>
  <Scene>
    <Background skyColor="0.5 0.5 0.5"/>
    <Viewpoint fieldOfView="0.523599" position="15468.9 8058.85 2296.78" description="Default View" orientation="0.184269 0.70492 0.684932 -4.11701" centerOfRotation="5007.82 4.40855 -0.285992"/>
    <NavigationInfo type='"EXAMINE" "FLY" "ANY"' speed="4" headlight="true"/>
    <DirectionalLight ambientIntensity="1" intensity="0" color="1 1 1"/>
    <Transform DEF="ROOT" translation="0 0 0">
      <DirectionalLight direction="-0.5 -0.707107 -0.5" color="1 1 1" intensity="1" on="true"/>
      <DirectionalLight direction="0.75 0.5 -0.433013" color="1 1 1" intensity="0.6" on="true"/>
      <DirectionalLight direction="-0.75 0.5 -0.433013" color="1 1 1" intensity="0.5" on="true"/>
      <DirectionalLight direction="0 0 -1" color="1 1 1" intensity="1" on="false"/>
      <Transform translation="0 0 0" rotation="0 0 1 -0" scale="1 1 1">
        <Shape>
          <Appearance>
            <Material ambientIntensity="0" emissiveColor="0 0 0" diffuseColor="1 0 0" specularColor="0 0 0" shininess="0.0078125" transparency="0"/>
          </Appearance>
          <IndexedFaceSet solid="false" colorPerVertex="true" normalPerVertex="true" coordIndex="
            0 2 6 -1 
            6 4 0 -1 
            5 1 8 -1 
            8 16 5 -1 
            9 10 3 -1 
            3 12 9 -1 
            13 14 7 -1 
            7 20 13 -1 
            22 15 11 -1 
            11 18 22 -1 
            17 21 23 -1 
            23 19 17 -1 
            ">
            <Coordinate DEF="VTKcoordinates0000" point="
              8600.37 535.308 12.5615,
              8600.72 528.524 37.9578,
              8601.92 509.959 5.76917,
              8602.26 503.175 31.1655,
              8602.37 535.429 12.5665,
              8602.71 528.645 37.9628,
              8603.92 510.08 5.77424,
              8604.26 503.296 31.1705,
              8600.37 535.308 12.5615,
              8600.37 535.308 12.5615,
              8600.72 528.524 37.9578,
              8600.72 528.524 37.9578,
              8601.92 509.959 5.76917,
              8601.92 509.959 5.76917,
              8602.26 503.175 31.1655,
              8602.26 503.175 31.1655,
              8602.37 535.429 12.5665,
              8602.37 535.429 12.5665,
              8602.71 528.645 37.9628,
              8602.71 528.645 37.9628,
              8603.92 510.08 5.77424,
              8603.92 510.08 5.77424,
              8604.26 503.296 31.1705,
              8604.26 503.296 31.1705,
              "/>
            <Normal DEF="VTKnormals0000" vector="
              0.0131223 -0.258049 0.966043,
              0.0588664 -0.964251 -0.25837,
              0.0131223 -0.258049 0.966043,
              0.99818 0.0602579 0.00253725,
              0.0131223 -0.258049 0.966043,
              0.0588664 -0.964251 -0.25837,
              0.0131223 -0.258049 0.966043,
              -0.0588664 0.964251 0.25837,
              0.0588664 -0.964251 -0.25837,
              0.99818 0.0602579 0.00253725,
              0.99818 0.0602579 0.00253725,
              -0.0131223 0.258049 -0.966043,
              0.99818 0.0602579 0.00253725,
              -0.0588664 0.964251 0.25837,
              -0.0588664 0.964251 0.25837,
              -0.0131223 0.258049 -0.966043,
              0.0588664 -0.964251 -0.25837,
              -0.99818 -0.0602579 -0.00253725,
              -0.0131223 0.258049 -0.966043,
              -0.99818 -0.0602579 -0.00253725,
              -0.0588664 0.964251 0.25837,
              -0.99818 -0.0602579 -0.00253725,
              -0.0131223 0.258049 -0.966043,
              -0.99818 -0.0602579 -0.00253725,
              "/>
          </IndexedFaceSet>
        </Shape>
      </Transform>
      <Transform translation="0 0 0" rotation="0 0 1 -0" scale="1 1 1">
        <Shape>
          <Appearance>
            <Material ambientIntensity="0" emissiveColor="0 0 0" diffuseColor="1 0 0" specularColor="0 0 0" shininess="0.0078125" transparency="0"/>
          </Appearance>
          <IndexedFaceSet solid="false" colorPerVertex="true" normalPerVertex="true" coordIndex="
            0 2 6 -1 
            6 4 0 -1 
            5 1 8 -1 
            8 16 5 -1 
            9 10 3 -1 
            3 12 9 -1 
            13 14 7 -1 
            7 20 13 -1 
            22 15 11 -1 
            11 18 22 -1 
            17 21 23 -1 
            23 19 17 -1 
            ">
            <Coordinate DEF="VTKcoordinates0001" point="
              8600.38 533.296 41.3393,
              8600.63 526.507 66.7353,
              8601.94 507.947 34.5473,
              8602.2 501.158 59.9433,
              8602.37 533.416 41.3511,
              8602.63 526.627 66.7471,
              8603.94 508.067 34.5591,
              8604.2 501.278 59.9551,
              8600.38 533.296 41.3393,
              8600.38 533.296 41.3393,
              8600.63 526.507 66.7353,
              8600.63 526.507 66.7353,
              8601.94 507.947 34.5473,
              8601.94 507.947 34.5473,
              8602.2 501.158 59.9433,
              8602.2 501.158 59.9433,
              8602.37 533.416 41.3511,
              8602.37 533.416 41.3511,
              8602.63 526.627 66.7471,
              8602.63 526.627 66.7471,
              8603.94 508.067 34.5591,
              8603.94 508.067 34.5591,
              8604.2 501.278 59.9551,
              8604.2 501.278 59.9551,
              "/>
            <Normal DEF="VTKnormals0001" vector="
              0.00984126 -0.25824 0.966031,
              0.0595029 -0.964214 -0.258361,
              0.00984126 -0.25824 0.966031,
              0.99818 0.0600242 0.00587693,
              0.00984126 -0.25824 0.966031,
              0.0595029 -0.964214 -0.258361,
              0.00984126 -0.25824 0.966031,
              -0.0595029 0.964214 0.258361,
              0.0595029 -0.964214 -0.258361,
              0.99818 0.0600242 0.00587693,
              0.99818 0.0600242 0.00587693,
              -0.00984126 0.25824 -0.966031,
              0.99818 0.0600242 0.00587693,
              -0.0595029 0.964214 0.258361,
              -0.0595029 0.964214 0.258361,
              -0.00984126 0.25824 -0.966031,
              0.0595029 -0.964214 -0.258361,
              -0.99818 -0.0600242 -0.00587693,
              -0.00984126 0.25824 -0.966031,
              -0.99818 -0.0600242 -0.00587693,
              -0.0595029 0.964214 0.258361,
              -0.99818 -0.0600242 -0.00587693,
              -0.00984126 0.25824 -0.966031,
              -0.99818 -0.0600242 -0.00587693,
              "/>
          </IndexedFaceSet>
        </Shape>
      </Transform>
      <Transform translation="0 0 0" rotation="0 0 1 -0" scale="1 1 1">
        <Shape>
          <Appearance>
            <Material ambientIntensity="0" emissiveColor="0 0 0" diffuseColor="1 0 0" specularColor="0 0 0" shininess="0.0078125" transparency="0"/>
          </Appearance>
          <IndexedFaceSet solid="false" colorPerVertex="true" normalPerVertex="true" coordIndex="
            0 2 6 -1 
            6 4 0 -1 
            5 1 8 -1 
            8 16 5 -1 
            9 10 3 -1 
            3 12 9 -1 
            13 14 7 -1 
            7 20 13 -1 
            22 15 11 -1 
            11 18 22 -1 
            17 21 23 -1 
            23 19 17 -1 
            ">
            <Coordinate DEF="VTKcoordinates0002" point="
              8600.48 529.735 69.702,
              8600.65 522.941 95.0973,
              8602.05 504.388 62.9101,
              8602.23 497.594 88.3055,
              8602.47 529.854 69.7203,
              8602.65 523.06 95.1157,
              8604.05 504.507 62.9285,
              8604.22 497.713 88.3238,
              8600.48 529.735 69.702,
              8600.48 529.735 69.702,
              8600.65 522.941 95.0973,
              8600.65 522.941 95.0973,
              8602.05 504.388 62.9101,
              8602.05 504.388 62.9101,
              8602.23 497.594 88.3055,
              8602.23 497.594 88.3055,
              8602.47 529.854 69.7203,
              8602.47 529.854 69.7203,
              8602.65 523.06 95.1157,
              8602.65 523.06 95.1157,
              8604.05 504.507 62.9285,
              8604.05 504.507 62.9285,
              8604.22 497.713 88.3238,
              8604.22 497.713 88.3238,
              "/>
            <Normal DEF="VTKnormals0002" vector="
              0.00656055 -0.258433 0.966007,
              0.0599533 -0.964188 -0.258354,
              0.00656055 -0.258433 0.966007,
              0.99818 0.0596103 0.00916832,
              0.00656055 -0.258433 0.966007,
              0.0599533 -0.964188 -0.258354,
              0.00656055 -0.258433 0.966007,
              -0.0599533 0.964188 0.258354,
              0.0599533 -0.964188 -0.258354,
              0.99818 0.0596103 0.00916832,
              0.99818 0.0596103 0.00916832,
              -0.00656055 0.258433 -0.966007,
              0.99818 0.0596103 0.00916832,
              -0.0599533 0.964188 0.258354,
              -0.0599533 0.964188 0.258354,
              -0.00656055 0.258433 -0.966007,
              0.0599533 -0.964188 -0.258354,
              -0.99818 -0.0596103 -0.00916832,
              -0.00656055 0.258433 -0.966007,
              -0.99818 -0.0596103 -0.00916832,
              -0.0599533 0.964188 0.258354,
              -0.99818 -0.0596103 -0.00916832,
              -0.00656055 0.258433 -0.966007,
              -0.99818 -0.0596103 -0.00916832,
              "/>
          </IndexedFaceSet>
        </Shape>
      </Transform>
      <Transform translation="0 0 0" rotation="0 0 1 -0" scale="1 1 1">
        <Shape>
          <Appearance>
            <Material ambientIntensity="0" emissiveColor="0 0 0" diffuseColor="1 0 0" specularColor="0 0 0" shininess="0.0078125" transparency="0"/>
          </Appearance>
          <IndexedFaceSet solid="false" colorPerVertex="true" normalPerVertex="true" coordIndex="
            0 2 6 -1 
            6 4 0 -1 
            5 1 8 -1 
            8 16 5 -1 
            9 10 3 -1 
            3 12 9 -1 
            13 14 7 -1 
            7 20 13 -1 
            22 15 11 -1 
            11 18 22 -1 
            17 21 23 -1 
            23 19 17 -1 
            ">
            <Coordinate DEF="VTKcoordinates0003" point="
              8600.68 524.661 97.6582,
              8600.76 517.862 123.053,
              8602.26 499.314 90.8665,
              8602.35 492.515 116.261,
              8602.67 524.779 97.6831,
              8602.76 517.98 123.077,
              8604.26 499.432 90.8913,
              8604.34 492.633 116.286,
              8600.68 524.661 97.6582,
              8600.68 524.661 97.6582,
              8600.76 517.862 123.053,
              8600.76 517.862 123.053,
              8602.26 499.314 90.8665,
              8602.26 499.314 90.8665,
              8602.35 492.515 116.261,
              8602.35 492.515 116.261,
              8602.67 524.779 97.6831,
              8602.67 524.779 97.6831,
              8602.76 517.98 123.077,
              8602.76 517.98 123.077,
              8604.26 499.432 90.8913,
              8604.26 499.432 90.8913,
              8604.34 492.633 116.286,
              8604.34 492.633 116.286,
              "/>
            <Normal DEF="VTKnormals0003" vector="
              0.0032801 -0.258626 0.965972,
              0.060222 -0.964173 -0.258349,
              0.0032801 -0.258626 0.965972,
              0.99818 0.0590202 0.0124124,
              0.0032801 -0.258626 0.965972,
              0.060222 -0.964173 -0.258349,
              0.0032801 -0.258626 0.965972,
              -0.060222 0.964173 0.258349,
              0.060222 -0.964173 -0.258349,
              0.99818 0.0590202 0.0124124,
              0.99818 0.0590202 0.0124124,
              -0.0032801 0.258626 -0.965972,
              0.99818 0.0590202 0.0124124,
              -0.060222 0.964173 0.258349,
              -0.060222 0.964173 0.258349,
              -0.0032801 0.258626 -0.965972,
              0.060222 -0.964173 -0.258349,
              -0.99818 -0.0590202 -0.0124124,
              -0.0032801 0.258626 -0.965972,
              -0.99818 -0.0590202 -0.0124124,
              -0.060222 0.964173 0.258349,
              -0.99818 -0.0590202 -0.0124124,
              -0.0032801 0.258626 -0.965972,
              -0.99818 -0.0590202 -0.0124124,
              "/>
          </IndexedFaceSet>
        </Shape>
      </Transform>
      <Transform translation="0 0 0" rotation="0 0 1 -0" scale="1 1 1">
        <Shape>
          <Appearance>
            <Material ambientIntensity="0" emissiveColor="0 0 0" diffuseColor="1 0 0" specularColor="0 0 0" shininess="0.0078125" transparency="0"/>
          </Appearance>
          <IndexedFaceSet solid="false" colorPerVertex="true" normalPerVertex="true" coordIndex="
            0 2 6 -1 
            6 4 0 -1 
            5 1 8 -1 
            8 16 5 -1 
            9 10 3 -1 
            3 12 9 -1 
            13 14 7 -1 
            7 20 13 -1 
            22 15 11 -1 
            11 18 22 -1 
            17 21 23 -1 
            23 19 17 -1 
            ">
            <Coordinate DEF="VTKcoordinates0004" point="
              8600.97 518.095 125.215,
              8600.97 511.291 150.608,
              8602.55 492.748 118.423,
              8602.55 485.944 143.816,
              8602.96 518.212 125.246,
              8602.96 511.408 150.639,
              8604.55 492.865 118.454,
              8604.55 486.061 143.847,
              8600.97 518.095 125.215,
              8600.97 518.095 125.215,
              8600.97 511.291 150.608,
              8600.97 511.291 150.608,
              8602.55 492.748 118.423,
              8602.55 492.748 118.423,
              8602.55 485.944 143.816,
              8602.55 485.944 143.816,
              8602.96 518.212 125.246,
              8602.96 518.212 125.246,
              8602.96 511.408 150.639,
              8602.96 511.408 150.639,
              8604.55 492.865 118.454,
              8604.55 492.865 118.454,
              8604.55 486.061 143.847,
              8604.55 486.061 143.847,
              "/>
            <Normal DEF="VTKnormals0004" vector="
              -3.64775e-09 -0.258819 0.965926,
              0.0603112 -0.964167 -0.258348,
              -3.64774e-09 -0.258819 0.965926,
              0.99818 0.0582562 0.0156097,
              -3.64775e-09 -0.258819 0.965926,
              0.0603112 -0.964167 -0.258348,
              -3.64775e-09 -0.258819 0.965926,
              -0.0603112 0.964167 0.258348,
              0.0603112 -0.964167 -0.258348,
              0.99818 0.0582562 0.0156097,
              0.99818 0.0582562 0.0156097,
              3.64774e-09 0.258819 -0.965926,
              0.99818 0.0582562 0.0156097,
              -0.0603112 0.964167 0.258348,
              -0.0603112 0.964167 0.258348,
              3.64774e-09 0.258819 -0.965926,
              0.0603112 -0.964167 -0.258348,
              -0.99818 -0.0582562 -0.0156097,
              3.64774e-09 0.258819 -0.965926,
              -0.99818 -0.0582562 -0.0156097,
              -0.0603112 0.964167 0.258348,
              -0.99818 -0.0582562 -0.0156097,
              3.64774e-09 0.258819 -0.965926,
              -0.99818 -0.0582562 -0.0156097,
              "/>
          </IndexedFaceSet>
        </Shape>
      </Transform>
      <Transform translation="0 0 0" rotation="0 0 1 -0" scale="1 1 1">
        <Shape>
          <Appearance>
            <Material ambientIntensity="0" emissiveColor="0 0 0" diffuseColor="1 0 0" specularColor="0 0 0" shininess="0.0078125" transparency="0"/>
          </Appearance>
          <IndexedFaceSet solid="false" colorPerVertex="true" normalPerVertex="true" coordIndex="
            0 2 6 -1 
            6 4 0 -1 
            5 1 8 -1 
            8 16 5 -1 
            9 10 3 -1 
            3 12 9 -1 
            13 14 7 -1 
            7 20 13 -1 
            22 15 11 -1 
            11 18 22 -1 
            17 21 23 -1 
            23 19 17 -1 
            ">
            <Coordinate DEF="VTKcoordinates0005" point="
              8601.35 510.042 152.375,
              8601.26 503.233 177.767,
              8602.93 484.695 145.583,
              8602.84 477.886 170.975,
              8603.34 510.156 152.413,
              8603.26 503.347 177.805,
              8604.93 484.809 145.621,
              8604.84 478 171.013,
              8601.35 510.042 152.375,
              8601.35 510.042 152.375,
              8601.26 503.233 177.767,
              8601.26 503.233 177.767,
              8602.93 484.695 145.583,
              8602.93 484.695 145.583,
              8602.84 477.886 170.975,
              8602.84 477.886 170.975,
              8603.34 510.156 152.413,
              8603.34 510.156 152.413,
              8603.26 503.347 177.805,
              8603.26 503.347 177.805,
              8604.93 484.809 145.621,
              8604.93 484.809 145.621,
              8604.84 478 171.013,
              8604.84 478 171.013,
              "/>
            <Normal DEF="VTKnormals0005" vector="
              -0.00328006 -0.259009 0.965869,
              0.060222 -0.964173 -0.25835,
              -0.00328006 -0.259009 0.965869,
              0.99818 0.0573192 0.0187606,
              -0.00328006 -0.259009 0.965869,
              0.060222 -0.964173 -0.25835,
              -0.00328006 -0.259009 0.965869,
              -0.060222 0.964173 0.25835,
              0.060222 -0.964173 -0.25835,
              0.99818 0.0573192 0.0187606,
              0.99818 0.0573192 0.0187606,
              0.00328006 0.259009 -0.965869,
              0.99818 0.0573192 0.0187606,
              -0.060222 0.964173 0.25835,
              -0.060222 0.964173 0.25835,
              0.00328006 0.259009 -0.965869,
              0.060222 -0.964173 -0.25835,
              -0.99818 -0.0573192 -0.0187606,
              0.00328006 0.259009 -0.965869,
              -0.99818 -0.0573192 -0.0187606,
              -0.060222 0.964173 0.25835,
              -0.99818 -0.0573192 -0.0187606,
              0.00328006 0.259009 -0.965869,
              -0.99818 -0.0573192 -0.0187606,
              "/>
          </IndexedFaceSet>
        </Shape>
      </Transform>
      <Transform translation="0 0 0" rotation="0 0 1 -0" scale="1 1 1">
        <Shape>
          <Appearance>
            <Material ambientIntensity="0" emissiveColor="0 0 0" diffuseColor="1 0 0" specularColor="0 0 0" shininess="0.0078125" transparency="0"/>
          </Appearance>
          <IndexedFaceSet solid="false" colorPerVertex="true" normalPerVertex="true" coordIndex="
            0 2 6 -1 
            6 4 0 -1 
            5 1 8 -1 
            8 16 5 -1 
            9 10 3 -1 
            3 12 9 -1 
            13 14 7 -1 
            7 20 13 -1 
            22 15 11 -1 
            11 18 22 -1 
            17 21 23 -1 
            23 19 17 -1 
            ">
            <Coordinate DEF="VTKcoordinates0006" point="
              8601.81 500.496 179.136,
              8601.64 493.682 204.526,
              8603.39 475.148 172.344,
              8603.22 468.334 197.734,
              8603.81 500.608 179.18,
              8603.64 493.794 204.57,
              8605.39 475.26 172.388,
              8605.21 468.446 197.778,
              8601.81 500.496 179.136,
              8601.81 500.496 179.136,
              8601.64 493.682 204.526,
              8601.64 493.682 204.526,
              8603.39 475.148 172.344,
              8603.39 475.148 172.344,
              8603.22 468.334 197.734,
              8603.22 468.334 197.734,
              8603.81 500.608 179.18,
              8603.81 500.608 179.18,
              8603.64 493.794 204.57,
              8603.64 493.794 204.57,
              8605.39 475.26 172.388,
              8605.39 475.26 172.388,
              8605.21 468.446 197.778,
              8605.21 468.446 197.778,
              "/>
            <Normal DEF="VTKnormals0006" vector="
              -0.00656005 -0.259194 0.965803,
              0.0599534 -0.964188 -0.258353,
              -0.00656005 -0.259194 0.965803,
              0.99818 0.0562084 0.0218647,
              -0.00656005 -0.259194 0.965803,
              0.0599534 -0.964188 -0.258353,
              -0.00656005 -0.259194 0.965803,
              -0.0599534 0.964188 0.258353,
              0.0599534 -0.964188 -0.258353,
              0.99818 0.0562084 0.0218647,
              0.99818 0.0562084 0.0218647,
              0.00656005 0.259194 -0.965803,
              0.99818 0.0562084 0.0218647,
              -0.0599534 0.964188 0.258353,
              -0.0599534 0.964188 0.258353,
              0.00656005 0.259194 -0.965803,
              0.0599534 -0.964188 -0.258353,
              -0.99818 -0.0562084 -0.0218647,
              0.00656005 0.259194 -0.965803,
              -0.99818 -0.0562084 -0.0218647,
              -0.0599534 0.964188 0.258353,
              -0.99818 -0.0562084 -0.0218647,
              0.00656005 0.259194 -0.965803,
              -0.99818 -0.0562084 -0.0218647,
              "/>
          </IndexedFaceSet>
        </Shape>
      </Transform>
      <Transform translation="0 0 0" rotation="0 0 1 -0" scale="1 1 1">
        <Shape>
          <Appearance>
            <Material ambientIntensity="0" emissiveColor="0 0 0" diffuseColor="1 0 0" specularColor="0 0 0" shininess="0.0078125" transparency="0"/>
          </Appearance>
          <IndexedFaceSet solid="false" colorPerVertex="true" normalPerVertex="true" coordIndex="
            0 2 6 -1 
            6 4 0 -1 
            5 1 8 -1 
            8 16 5 -1 
            9 10 3 -1 
            3 12 9 -1 
            13 14 7 -1 
            7 20 13 -1 
            22 15 11 -1 
            11 18 22 -1 
            17 21 23 -1 
            23 19 17 -1 
            ">
            <Coordinate DEF="VTKcoordinates0007" point="
              8602.37 489.437 205.492,
              8602.11 482.618 230.88,
              8603.93 464.088 198.7,
              8603.67 457.27 224.088,
              8604.36 489.546 205.542,
              8604.1 482.728 230.93,
              8605.93 464.198 198.75,
              8605.67 457.379 224.138,
              8602.37 489.437 205.492,
              8602.37 489.437 205.492,
              8602.11 482.618 230.88,
              8602.11 482.618 230.88,
              8603.93 464.088 198.7,
              8603.93 464.088 198.7,
              8603.67 457.27 224.088,
              8603.67 457.27 224.088,
              8604.36 489.546 205.542,
              8604.36 489.546 205.542,
              8604.1 482.728 230.93,
              8604.1 482.728 230.93,
              8605.93 464.198 198.75,
              8605.93 464.198 198.75,
              8605.67 457.379 224.138,
              8605.67 457.379 224.138,
              "/>
            <Normal DEF="VTKnormals0007" vector="
              -0.00983993 -0.259373 0.965727,
              0.0595031 -0.964214 -0.25836,
              -0.00983993 -0.259373 0.965727,
              0.99818 0.0549215 0.0249213,
              -0.00983993 -0.259373 0.965727,
              0.0595031 -0.964214 -0.25836,
              -0.00983993 -0.259373 0.965727,
              -0.0595031 0.964214 0.25836,
              0.0595031 -0.964214 -0.25836,
              0.99818 0.0549215 0.0249213,
              0.99818 0.0549215 0.0249213,
              0.00983993 0.259373 -0.965727,
              0.99818 0.0549215 0.0249213,
              -0.0595031 0.964214 0.25836,
              -0.0595031 0.964214 0.25836,
              0.00983993 0.259373 -0.965727,
              0.0595031 -0.964214 -0.25836,
              -0.99818 -0.0549215 -0.0249213,
              0.00983993 0.259373 -0.965727,
              -0.99818 -0.0549215 -0.0249213,
              -0.0595031 0.964214 0.25836,
              -0.99818 -0.0549215 -0.0249213,
              0.00983993 0.259373 -0.965727,
              -0.99818 -0.0549215 -0.0249213,
              "/>
          </IndexedFaceSet>
        </Shape>
      </Transform>
      <Transform translation="0 0 0" rotation="0 0 1 -0" scale="1 1 1">
        <Shape>
          <Appearance>
            <Material ambientIntensity="0" emissiveColor="0 0 0" diffuseColor="1 0 0" specularColor="0 0 0" shininess="0.0078125" transparency="0"/>
          </Appearance>
          <IndexedFaceSet solid="false" colorPerVertex="true" normalPerVertex="true" coordIndex="
            0 2 6 -1 
            6 4 0 -1 
            5 1 8 -1 
            8 16 5 -1 
            9 10 3 -1 
            3 12 9 -1 
            13 14 7 -1 
            7 20 13 -1 
            22 15 11 -1 
            11 18 22 -1 
            17 21 23 -1 
            23 19 17 -1 
            ">
            <Coordinate DEF="VTKcoordinates0008" point="
              8603 476.828 231.433,
              8602.66 470.005 256.819,
              8604.55 451.479 224.641,
              8604.2 444.655 250.027,
              8605 476.935 231.489,
              8604.65 470.111 256.875,
              8606.54 451.585 224.697,
              8606.2 444.762 250.083,
              8603 476.828 231.433,
              8603 476.828 231.433,
              8602.66 470.005 256.819,
              8602.66 470.005 256.819,
              8604.55 451.479 224.641,
              8604.55 451.479 224.641,
              8604.2 444.655 250.027,
              8604.2 444.655 250.027,
              8605 476.935 231.489,
              8605 476.935 231.489,
              8604.65 470.111 256.875,
              8604.65 470.111 256.875,
              8606.54 451.585 224.697,
              8606.54 451.585 224.697,
              8606.2 444.762 250.083,
              8606.2 444.762 250.083,
              "/>
            <Normal DEF="VTKnormals0008" vector="
              -0.0131196 -0.259544 0.965642,
              0.0588669 -0.964251 -0.25837,
              -0.0131196 -0.259544 0.965642,
              0.99818 0.0534547 0.0279292,
              -0.0131196 -0.259544 0.965642,
              0.0588669 -0.964251 -0.25837,
              -0.0131196 -0.259544 0.965642,
              -0.0588669 0.964251 0.25837,
              0.0588669 -0.964251 -0.25837,
              0.99818 0.0534547 0.0279292,
              0.99818 0.0534547 0.0279292,
              0.0131196 0.259544 -0.965642,
              0.99818 0.0534547 0.0279292,
              -0.0588669 0.964251 0.25837,
              -0.0588669 0.964251 0.25837,
              0.0131196 0.259544 -0.965642,
              0.0588669 -0.964251 -0.25837,
              -0.99818 -0.0534547 -0.0279292,
              0.0131196 0.259544 -0.965642,
              -0.99818 -0.0534547 -0.0279292,
              -0.0588669 0.964251 0.25837,
              -0.99818 -0.0534547 -0.0279292,
              0.0131196 0.259544 -0.965642,
              -0.99818 -0.0534547 -0.0279292,
              "/>
          </IndexedFaceSet>
        </Shape>
      </Transform>
      <Transform translation="0 0 0" rotation="0 0 1 -0" scale="1 1 1">
        <Shape>
          <Appearance>
            <Material ambientIntensity="0" emissiveColor="0 0 0" diffuseColor="0 0.5 0" specularColor="0 0 0" shininess="0.0078125" transparency="0"/>
          </Appearance>
          <IndexedFaceSet solid="false" colorPerVertex="true" normalPerVertex="true" coordIndex="
            0 2 6 -1 
            6 4 0 -1 
            5 1 8 -1 
            8 16 5 -1 
            9 10 3 -1 
            3 12 9 -1 
            13 14 7 -1 
            7 20 13 -1 
            22 15 11 -1 
            11 18 22 -1 
            17 21 23 -1 
            23 19 17 -1 
            ">
            <Coordinate DEF="VTKcoordinates0009" point="
              8603.67 457.449 278.686,
              8604.01 438.876 297.288,
              8605.22 438.892 260.129,
              8605.56 420.319 278.731,
              8605.66 457.551 278.751,
              8606.01 438.978 297.353,
              8607.21 438.994 260.194,
              8607.56 420.421 278.796,
              8603.67 457.449 278.686,
              8603.67 457.449 278.686,
              8604.01 438.876 297.288,
              8604.01 438.876 297.288,
              8605.22 438.892 260.129,
              8605.22 438.892 260.129,
              8605.56 420.319 278.731,
              8605.56 420.319 278.731,
              8605.66 457.551 278.751,
              8605.66 457.551 278.751,
              8606.01 438.978 297.353,
              8606.01 438.978 297.353,
              8607.21 438.994 260.194,
              8607.21 438.994 260.194,
              8607.56 420.421 278.796,
              8607.56 420.421 278.796,
              "/>
            <Normal DEF="VTKnormals0009" vector="
              0.0131161 -0.706499 0.707593,
              0.0588677 -0.705881 -0.70588,
              0.0131161 -0.706499 0.707593,
              0.99818 0.0509128 0.0323316,
              0.0131161 -0.706499 0.707593,
              0.0588677 -0.705881 -0.70588,
              0.0131161 -0.706499 0.707593,
              -0.0588677 0.705881 0.70588,
              0.0588677 -0.705881 -0.70588,
              0.99818 0.0509128 0.0323316,
              0.99818 0.0509128 0.0323316,
              -0.0131161 0.706499 -0.707593,
              0.99818 0.0509128 0.0323316,
              -0.0588677 0.705881 0.70588,
              -0.0588677 0.705881 0.70588,
              -0.0131161 0.706499 -0.707593,
              0.0588677 -0.705881 -0.70588,
              -0.99818 -0.0509128 -0.0323316,
              -0.0131161 0.706499 -0.707593,
              -0.99818 -0.0509128 -0.0323316,
              -0.0588677 0.705881 0.70588,
              -0.99818 -0.0509128 -0.0323316,
              -0.0131161 0.706499 -0.707593,
              -0.99818 -0.0509128 -0.0323316,
              "/>
          </IndexedFaceSet>
        </Shape>
      </Transform>
      <Transform translation="0 0 0" rotation="0 0 1 -0" scale="1 1 1">
        <Shape>
          <Appearance>
            <Material ambientIntensity="0" emissiveColor="0 0 0" diffuseColor="0 0.5 0" specularColor="0 0 0" shininess="0.0078125" transparency="0"/>
          </Appearance>
          <IndexedFaceSet solid="false" colorPerVertex="true" normalPerVertex="true" coordIndex="
            0 2 6 -1 
            6 4 0 -1 
            5 1 8 -1 
            8 16 5 -1 
            9 10 3 -1 
            3 12 9 -1 
            13 14 7 -1 
            7 20 13 -1 
            22 15 11 -1 
            11 18 22 -1 
            17 21 23 -1 
            23 19 17 -1 
            ">
            <Coordinate DEF="VTKcoordinates0010" point="
              8604.44 441.35 302.63,
              8604.7 422.772 321.23,
              8606.01 422.794 284.074,
              8606.26 404.216 302.673,
              8606.44 441.448 302.701,
              8606.7 422.87 321.3,
              8608 422.892 284.144,
              8608.26 404.314 302.744,
              8604.44 441.35 302.63,
              8604.44 441.35 302.63,
              8604.7 422.772 321.23,
              8604.7 422.772 321.23,
              8606.01 422.794 284.074,
              8606.01 422.794 284.074,
              8606.26 404.216 302.673,
              8606.26 404.216 302.673,
              8606.44 441.448 302.701,
              8606.44 441.448 302.701,
              8606.7 422.87 321.3,
              8606.7 422.87 321.3,
              8608 422.892 284.144,
              8608 422.892 284.144,
              8608.26 404.314 302.744,
              8608.26 404.314 302.744,
              "/>
            <Normal DEF="VTKnormals0010" vector="
              0.00983579 -0.706658 0.707487,
              0.0595038 -0.705854 -0.705854,
              0.00983579 -0.706658 0.707487,
              0.99818 0.0490408 0.0351062,
              0.00983579 -0.706658 0.707487,
              0.0595038 -0.705854 -0.705854,
              0.00983579 -0.706658 0.707487,
              -0.0595038 0.705854 0.705854,
              0.0595038 -0.705854 -0.705854,
              0.99818 0.0490408 0.0351062,
              0.99818 0.0490408 0.0351062,
              -0.00983579 0.706658 -0.707487,
              0.99818 0.0490408 0.0351062,
              -0.0595038 0.705854 0.705854,
              -0.0595038 0.705854 0.705854,
              -0.00983579 0.706658 -0.707487,
              0.0595038 -0.705854 -0.705854,
              -0.99818 -0.0490408 -0.0351062,
              -0.00983579 0.706658 -0.707487,
              -0.99818 -0.0490408 -0.0351062,
              -0.0595038 0.705854 0.705854,
              -0.99818 -0.0490408 -0.0351062,
              -0.00983579 0.706658 -0.707487,
              -0.99818 -0.0490408 -0.0351062,
              "/>
          </IndexedFaceSet>
        </Shape>
      </Transform>
      <Transform translation="0 0 0" rotation="0 0 1 -0" scale="1 1 1">
        <Shape>
          <Appearance>
            <Material ambientIntensity="0" emissiveColor="0 0 0" diffuseColor="0 0.5 0" specularColor="0 0 0" shininess="0.0078125" transparency="0"/>
          </Appearance>
          <IndexedFaceSet solid="false" colorPerVertex="true" normalPerVertex="true" coordIndex="
            0 2 6 -1 
            6 4 0 -1 
            5 1 8 -1 
            8 16 5 -1 
            9 10 3 -1 
            3 12 9 -1 
            13 14 7 -1 
            7 20 13 -1 
            22 15 11 -1 
            11 18 22 -1 
            17 21 23 -1 
            23 19 17 -1 
            ">
            <Coordinate DEF="VTKcoordinates0011" point="
              8605.26 424.116 325.44,
              8605.43 405.534 344.036,
              8606.83 405.56 306.884,
              8607 386.978 325.48,
              8607.25 424.21 325.516,
              8607.42 405.628 344.112,
              8608.83 405.654 306.96,
              8609 387.072 325.556,
              8605.26 424.116 325.44,
              8605.26 424.116 325.44,
              8605.43 405.534 344.036,
              8605.43 405.534 344.036,
              8606.83 405.56 306.884,
              8606.83 405.56 306.884,
              8607 386.978 325.48,
              8607 386.978 325.48,
              8607.25 424.21 325.516,
              8607.25 424.21 325.516,
              8607.42 405.628 344.112,
              8607.42 405.628 344.112,
              8608.83 405.654 306.96,
              8608.83 405.654 306.96,
              8609 387.072 325.556,
              8609 387.072 325.556,
              "/>
            <Normal DEF="VTKnormals0011" vector="
              0.00655642 -0.706813 0.70737,
              0.0599538 -0.705835 -0.705835,
              0.00655642 -0.706813 0.70737,
              0.99818 0.0470373 0.0377484,
              0.00655642 -0.706813 0.70737,
              0.0599538 -0.705835 -0.705835,
              0.00655642 -0.706813 0.70737,
              -0.0599538 0.705835 0.705835,
              0.0599538 -0.705835 -0.705835,
              0.99818 0.0470373 0.0377484,
              0.99818 0.0470373 0.0377484,
              -0.00655642 0.706813 -0.70737,
              0.99818 0.0470373 0.0377484,
              -0.0599538 0.705835 0.705835,
              -0.0599538 0.705835 0.705835,
              -0.00655642 0.706813 -0.70737,
              0.0599538 -0.705835 -0.705835,
              -0.99818 -0.0470373 -0.0377484,
              -0.00655642 0.706813 -0.70737,
              -0.99818 -0.0470373 -0.0377484,
              -0.0599538 0.705835 0.705835,
              -0.99818 -0.0470373 -0.0377484,
              -0.00655642 0.706813 -0.70737,
              -0.99818 -0.0470373 -0.0377484,
              "/>
          </IndexedFaceSet>
        </Shape>
      </Transform>
      <Transform translation="0 0 0" rotation="0 0 1 -0" scale="1 1 1">
        <Shape>
          <Appearance>
            <Material ambientIntensity="0" emissiveColor="0 0 0" diffuseColor="0 0.5 0" specularColor="0 0 0" shininess="0.0078125" transparency="0"/>
          </Appearance>
          <IndexedFaceSet solid="false" colorPerVertex="true" normalPerVertex="true" coordIndex="
            0 2 6 -1 
            6 4 0 -1 
            5 1 8 -1 
            8 16 5 -1 
            9 10 3 -1 
            3 12 9 -1 
            13 14 7 -1 
            7 20 13 -1 
            22 15 11 -1 
            11 18 22 -1 
            17 21 23 -1 
            23 19 17 -1 
            ">
            <Coordinate DEF="VTKcoordinates0012" point="
              8606.1 405.771 347.139,
              8606.19 387.186 365.732,
              8607.69 387.216 328.584,
              8607.77 368.631 347.176,
              8608.1 405.861 347.22,
              8608.19 387.276 365.812,
              8609.68 387.306 328.664,
              8609.77 368.721 347.257,
              8606.1 405.771 347.139,
              8606.1 405.771 347.139,
              8606.19 387.186 365.732,
              8606.19 387.186 365.732,
              8607.69 387.216 328.584,
              8607.69 387.216 328.584,
              8607.77 368.631 347.176,
              8607.77 368.631 347.176,
              8608.1 405.861 347.22,
              8608.1 405.861 347.22,
              8608.19 387.276 365.812,
              8608.19 387.276 365.812,
              8609.68 387.306 328.664,
              8609.68 387.306 328.664,
              8609.77 368.721 347.257,
              8609.77 368.721 347.257,
              "/>
            <Normal DEF="VTKnormals0012" vector="
              0.00327783 -0.706963 0.707243,
              0.060222 -0.705824 -0.705823,
              0.00327783 -0.706963 0.707243,
              0.99818 0.0449052 0.0402612,
              0.00327783 -0.706963 0.707243,
              0.060222 -0.705824 -0.705823,
              0.00327783 -0.706963 0.707243,
              -0.060222 0.705824 0.705823,
              0.060222 -0.705824 -0.705823,
              0.99818 0.0449052 0.0402612,
              0.99818 0.0449052 0.0402612,
              -0.00327783 0.706963 -0.707243,
              0.99818 0.0449052 0.0402612,
              -0.060222 0.705824 0.705823,
              -0.060222 0.705824 0.705823,
              -0.00327783 0.706963 -0.707243,
              0.060222 -0.705824 -0.705823,
              -0.99818 -0.0449052 -0.0402612,
              -0.00327783 0.706963 -0.707243,
              -0.99818 -0.0449052 -0.0402612,
              -0.060222 0.705824 0.705823,
              -0.99818 -0.0449052 -0.0402612,
              -0.00327783 0.706963 -0.707243,
              -0.99818 -0.0449052 -0.0402612,
              "/>
          </IndexedFaceSet>
        </Shape>
      </Transform>
      <Transform translation="0 0 0" rotation="0 0 1 -0" scale="1 1 1">
        <Shape>
          <Appearance>
            <Material ambientIntensity="0" emissiveColor="0 0 0" diffuseColor="0 0.5 0" specularColor="0 0 0" shininess="0.0078125" transparency="0"/>
          </Appearance>
          <IndexedFaceSet solid="false" colorPerVertex="true" normalPerVertex="true" coordIndex="
            0 2 6 -1 
            6 4 0 -1 
            5 1 8 -1 
            8 16 5 -1 
            9 10 3 -1 
            3 12 9 -1 
            13 14 7 -1 
            7 20 13 -1 
            22 15 11 -1 
            11 18 22 -1 
            17 21 23 -1 
            23 19 17 -1 
            ">
            <Coordinate DEF="VTKcoordinates0013" point="
              8606.98 386.333 367.743,
              8606.98 367.743 386.333,
              8608.56 367.777 349.188,
              8608.56 349.188 367.777,
              8608.97 386.418 367.829,
              8608.97 367.829 386.418,
              8610.56 367.863 349.273,
              8610.56 349.273 367.863,
              8606.98 386.333 367.743,
              8606.98 386.333 367.743,
              8606.98 367.743 386.333,
              8606.98 367.743 386.333,
              8608.56 367.777 349.188,
              8608.56 367.777 349.188,
              8608.56 349.188 367.777,
              8608.56 349.188 367.777,
              8608.97 386.418 367.829,
