<?xml version="1.0" encoding ="UTF-8"?>

<X3D profile="Immersive" version="3.0">
  <head>
    <meta name="filename" content="code/marxs/docs/_static/subaperturing.x3d"/>
    <meta name="generator" content="Visualization ToolKit X3D exporter v0.9.1"/>
    <meta name="numberofelements" content="126"/>
  </head>
  <Scene>
    <Background skyColor="0.5 0.5 0.5"/>
    <Viewpoint fieldOfView="0.523599" position="1707.69 958.638 828.303" description="Default View" orientation="0.187053 0.451587 0.872399 -3.83511" centerOfRotation="747.443 -1.60712 -131.942"/>
    <NavigationInfo type='"EXAMINE" "FLY" "ANY"' speed="4" headlight="true"/>
    <DirectionalLight ambientIntensity="1" intensity="0" color="1 1 1"/>
    <Transform DEF="ROOT" translation="0 0 0">
      <DirectionalLight direction="-0.5 -0.707107 -0.5" color="1 1 1" intensity="1" on="true"/>
      <DirectionalLight direction="0.75 0.5 -0.433013" color="1 1 1" intensity="0.6" on="true"/>
      <DirectionalLight direction="-0.75 0.5 -0.433013" color="1 1 1" intensity="0.5" on="true"/>
      <DirectionalLight direction="0 0 -1" color="1 1 1" intensity="1" on="false"/>
      <Transform translation="0 0 0" rotation="0 0 1 -0" scale="1 1 1">
        <Shape>
          <Appearance>
            <Material ambientIntensity="0" emissiveColor="0 0 0" diffuseColor="0 0.75 0.75" specularColor="0 0 0" shininess="0.0078125" transparency="0.7"/>
          </Appearance>
          <IndexedFaceSet solid="false" colorPerVertex="true" normalPerVertex="true" coordIndex="
            0 4 5 -1 
            5 1 0 -1 
            1 5 6 -1 
            1 6 7 -1 
            1 7 8 -1 
            1 8 9 -1 
            1 9 10 -1 
            1 10 11 -1 
            1 11 12 -1 
            1 12 13 -1 
            1 13 14 -1 
            1 14 15 -1 
            1 15 16 -1 
            1 16 17 -1 
            1 17 18 -1 
            1 18 19 -1 
            1 19 20 -1 
            1 20 21 -1 
            1 21 22 -1 
            1 22 23 -1 
            1 23 24 -1 
            1 24 25 -1 
            1 25 26 -1 
            1 26 27 -1 
            27 2 1 -1 
            2 27 28 -1 
            2 28 29 -1 
            2 29 30 -1 
            2 30 31 -1 
            2 31 32 -1 
            2 32 33 -1 
            2 33 34 -1 
            2 34 35 -1 
            2 35 36 -1 
            2 36 37 -1 
            2 37 38 -1 
            2 38 39 -1 
            2 39 40 -1 
            2 40 41 -1 
            2 41 42 -1 
            2 42 43 -1 
            2 43 44 -1 
            2 44 45 -1 
            2 45 46 -1 
            2 46 47 -1 
            2 47 48 -1 
            2 48 49 -1 
            2 49 50 -1 
            50 3 2 -1 
            3 50 51 -1 
            3 51 52 -1 
            3 52 53 -1 
            3 53 54 -1 
            3 54 55 -1 
            3 55 56 -1 
            3 56 57 -1 
            3 57 58 -1 
            3 58 59 -1 
            3 59 60 -1 
            3 60 61 -1 
            3 61 62 -1 
            3 62 63 -1 
            3 63 64 -1 
            3 64 65 -1 
            3 65 66 -1 
            3 66 67 -1 
            3 67 68 -1 
            3 68 69 -1 
            3 69 70 -1 
            3 70 71 -1 
            3 71 72 -1 
            72 0 3 -1 
            0 72 73 -1 
            0 73 74 -1 
            0 74 75 -1 
            0 75 76 -1 
            0 76 77 -1 
            0 77 78 -1 
            0 78 79 -1 
            0 79 80 -1 
            0 80 81 -1 
            0 81 82 -1 
            0 82 83 -1 
            0 83 84 -1 
            0 84 85 -1 
            0 85 86 -1 
            0 86 87 -1 
            0 87 88 -1 
            0 88 89 -1 
            0 89 90 -1 
            0 90 91 -1 
            0 91 92 -1 
            0 92 93 -1 
            0 93 4 -1 
            94 95 184 -1 
            94 96 95 -1 
            94 97 96 -1 
            94 98 97 -1 
            94 99 98 -1 
            94 100 99 -1 
            94 101 100 -1 
            94 102 101 -1 
            94 103 102 -1 
            94 104 103 -1 
            94 105 104 -1 
            94 106 105 -1 
            94 107 106 -1 
            94 108 107 -1 
            94 109 108 -1 
            94 110 109 -1 
            94 111 110 -1 
            94 112 111 -1 
            94 113 112 -1 
            94 114 113 -1 
            94 115 114 -1 
            94 116 115 -1 
            94 117 116 -1 
            94 118 117 -1 
            94 119 118 -1 
            94 120 119 -1 
            94 121 120 -1 
            94 122 121 -1 
            94 123 122 -1 
            94 124 123 -1 
            94 125 124 -1 
            94 126 125 -1 
            94 127 126 -1 
            94 128 127 -1 
            94 129 128 -1 
            94 130 129 -1 
            94 131 130 -1 
            94 132 131 -1 
            94 133 132 -1 
            94 134 133 -1 
            94 135 134 -1 
            94 136 135 -1 
            94 137 136 -1 
            94 138 137 -1 
            94 139 138 -1 
            94 140 139 -1 
            94 141 140 -1 
            94 142 141 -1 
            94 143 142 -1 
            94 144 143 -1 
            94 145 144 -1 
            94 146 145 -1 
            94 147 146 -1 
            94 148 147 -1 
            94 149 148 -1 
            94 150 149 -1 
            94 151 150 -1 
            94 152 151 -1 
            94 153 152 -1 
            94 154 153 -1 
            94 155 154 -1 
            94 156 155 -1 
            94 157 156 -1 
            94 158 157 -1 
            94 159 158 -1 
            94 160 159 -1 
            94 161 160 -1 
            94 162 161 -1 
            94 163 162 -1 
            94 164 163 -1 
            94 165 164 -1 
            94 166 165 -1 
            94 167 166 -1 
            94 168 167 -1 
            94 169 168 -1 
            94 170 169 -1 
            94 171 170 -1 
            94 172 171 -1 
            94 173 172 -1 
            94 174 173 -1 
            94 175 174 -1 
            94 176 175 -1 
            94 177 176 -1 
            94 178 177 -1 
            94 179 178 -1 
            94 180 179 -1 
            94 181 180 -1 
            94 182 181 -1 
            94 183 182 -1 
            94 184 183 -1 
            ">
            <Coordinate DEF="VTKcoordinates0000" point="
              1200 300 300,
              1200 -300 300,
              1200 -300 -300,
              1200 300 -300,
              1200 6.12323e-15 100,
              1200 -6.97565 99.7564,
              1200 -13.9173 99.0268,
              1200 -20.7912 97.8148,
              1200 -27.5637 96.1262,
              1200 -34.202 93.9693,
              1200 -40.6737 91.3545,
              1200 -46.9472 88.2948,
              1200 -52.9919 84.8048,
              1200 -58.7785 80.9017,
              1200 -64.2788 76.6044,
              1200 -69.4658 71.934,
              1200 -74.3145 66.9131,
              1200 -78.8011 61.5661,
              1200 -82.9038 55.9193,
              1200 -86.6025 50,
              1200 -89.8794 43.8371,
              1200 -92.7184 37.4607,
              1200 -95.1057 30.9017,
              1200 -97.0296 24.1922,
              1200 -98.4808 17.3648,
              1200 -99.4522 10.4528,
              1200 -99.9391 3.48995,
              1200 -99.9391 -3.48995,
              1200 -99.4522 -10.4528,
              1200 -98.4808 -17.3648,
              1200 -97.0296 -24.1922,
              1200 -95.1057 -30.9017,
              1200 -92.7184 -37.4607,
              1200 -89.8794 -43.8371,
              1200 -86.6025 -50,
              1200 -82.9038 -55.9193,
              1200 -78.8011 -61.5661,
              1200 -74.3145 -66.9131,
              1200 -69.4658 -71.934,
              1200 -64.2788 -76.6044,
              1200 -58.7785 -80.9017,
              1200 -52.9919 -84.8048,
              1200 -46.9472 -88.2948,
              1200 -40.6737 -91.3545,
              1200 -34.202 -93.9693,
              1200 -27.5637 -96.1262,
              1200 -20.7912 -97.8148,
              1200 -13.9173 -99.0268,
              1200 -6.97565 -99.7564,
              1200 -1.83697e-14 -100,
              1200 6.97565 -99.7564,
              1200 13.9173 -99.0268,
              1200 20.7912 -97.8148,
              1200 27.5637 -96.1262,
              1200 34.202 -93.9693,
              1200 40.6737 -91.3545,
              1200 46.9472 -88.2948,
              1200 52.9919 -84.8048,
              1200 58.7785 -80.9017,
              1200 64.2788 -76.6044,
              1200 69.4658 -71.934,
              1200 74.3145 -66.9131,
              1200 78.8011 -61.5661,
              1200 82.9038 -55.9193,
              1200 86.6025 -50,
              1200 89.8794 -43.8371,
              1200 92.7184 -37.4607,
              1200 95.1057 -30.9017,
              1200 97.0296 -24.1922,
              1200 98.4808 -17.3648,
              1200 99.4522 -10.4528,
              1200 99.9391 -3.48995,
              1200 99.9391 3.48995,
              1200 99.4522 10.4528,
              1200 98.4808 17.3648,
              1200 97.0296 24.1922,
              1200 95.1057 30.9017,
              1200 92.7184 37.4607,
              1200 89.8794 43.8371,
              1200 86.6025 50,
              1200 82.9038 55.9193,
              1200 78.8011 61.5661,
              1200 74.3145 66.9131,
              1200 69.4658 71.934,
              1200 64.2788 76.6044,
              1200 58.7785 80.9017,
              1200 52.9919 84.8048,
              1200 46.9472 88.2948,
              1200 40.6737 91.3545,
              1200 34.202 93.9693,
              1200 27.5637 96.1262,
              1200 20.7912 97.8148,
              1200 13.9173 99.0268,
              1200 6.97565 99.7564,
              1200 0 0,
              1200 1.22465e-15 20,
              1200 -1.39513 19.9513,
              1200 -2.78346 19.8054,
              1200 -4.15823 19.563,
              1200 -5.51275 19.2252,
              1200 -6.8404 18.7939,
              1200 -8.13473 18.2709,
              1200 -9.38943 17.659,
              1200 -10.5984 16.961,
              1200 -11.7557 16.1803,
              1200 -12.8558 15.3209,
              1200 -13.8932 14.3868,
              1200 -14.8629 13.3826,
              1200 -15.7602 12.3132,
              1200 -16.5808 11.1839,
              1200 -17.3205 10,
              1200 -17.9759 8.76742,
              1200 -18.5437 7.49213,
              1200 -19.0211 6.18034,
              1200 -19.4059 4.83844,
              1200 -19.6962 3.47296,
              1200 -19.8904 2.09057,
              1200 -19.9878 0.69799,
              1200 -19.9878 -0.69799,
              1200 -19.8904 -2.09057,
              1200 -19.6962 -3.47296,
              1200 -19.4059 -4.83844,
              1200 -19.0211 -6.18034,
              1200 -18.5437 -7.49213,
              1200 -17.9759 -8.76742,
              1200 -17.3205 -10,
              1200 -16.5808 -11.1839,
              1200 -15.7602 -12.3132,
              1200 -14.8629 -13.3826,
              1200 -13.8932 -14.3868,
              1200 -12.8558 -15.3209,
              1200 -11.7557 -16.1803,
              1200 -10.5984 -16.961,
              1200 -9.38943 -17.659,
              1200 -8.13473 -18.2709,
              1200 -6.8404 -18.7939,
              1200 -5.51275 -19.2252,
              1200 -4.15823 -19.563,
              1200 -2.78346 -19.8054,
              1200 -1.39513 -19.9513,
              1200 -3.67394e-15 -20,
              1200 1.39513 -19.9513,
              1200 2.78346 -19.8054,
              1200 4.15823 -19.563,
              1200 5.51275 -19.2252,
              1200 6.8404 -18.7939,
              1200 8.13473 -18.2709,
              1200 9.38943 -17.659,
              1200 10.5984 -16.961,
              1200 11.7557 -16.1803,
              1200 12.8558 -15.3209,
              1200 13.8932 -14.3868,
              1200 14.8629 -13.3826,
              1200 15.7602 -12.3132,
              1200 16.5808 -11.1839,
              1200 17.3205 -10,
              1200 17.9759 -8.76742,
              1200 18.5437 -7.49213,
              1200 19.0211 -6.18034,
              1200 19.4059 -4.83844,
              1200 19.6962 -3.47296,
              1200 19.8904 -2.09057,
              1200 19.9878 -0.69799,
              1200 19.9878 0.69799,
              1200 19.8904 2.09057,
              1200 19.6962 3.47296,
              1200 19.4059 4.83844,
              1200 19.0211 6.18034,
              1200 18.5437 7.49213,
              1200 17.9759 8.76742,
              1200 17.3205 10,
              1200 16.5808 11.1839,
              1200 15.7602 12.3132,
              1200 14.8629 13.3826,
              1200 13.8932 14.3868,
              1200 12.8558 15.3209,
              1200 11.7557 16.1803,
              1200 10.5984 16.961,
              1200 9.38943 17.659,
              1200 8.13473 18.2709,
              1200 6.8404 18.7939,
              1200 5.51275 19.2252,
              1200 4.15823 19.563,
              1200 2.78346 19.8054,
              1200 1.39513 19.9513,
              "/>
            <Normal DEF="VTKnormals0000" vector="
              -1 0 0,
              -1 0 0,
              -1 0 0,
              -1 0 0,
              -1 0 0,
              -1 0 0,
              -1 0 0,
              -1 0 0,
              -1 0 0,
              -1 0 0,
              -1 0 0,
              -1 0 0,
              -1 0 0,
              -1 0 0,
              -1 0 0,
              -1 0 0,
              -1 0 0,
              -1 0 0,
              -1 0 0,
              -1 0 0,
              -1 0 0,
              -1 0 0,
              -1 0 0,
              -1 0 0,
              -1 0 0,
              -1 0 0,
              -1 0 0,
              -1 0 0,
              -1 0 0,
              -1 0 0,
              -1 0 0,
              -1 0 0,
              -1 0 0,
              -1 0 0,
              -1 0 0,
              -1 0 0,
              -1 0 0,
              -1 0 0,
              -1 0 0,
              -1 0 0,
              -1 0 0,
              -1 0 0,
              -1 0 0,
              -1 0 0,
              -1 0 0,
              -1 0 0,
              -1 0 0,
              -1 0 0,
              -1 0 0,
              -1 0 0,
              -1 0 0,
              -1 0 0,
              -1 0 0,
              -1 0 0,
              -1 0 0,
              -1 0 0,
              -1 0 0,
              -1 0 0,
              -1 0 0,
              -1 0 0,
              -1 0 0,
              -1 0 0,
              -1 0 0,
              -1 0 0,
              -1 0 0,
              -1 0 0,
              -1 0 0,
              -1 0 0,
              -1 0 0,
              -1 0 0,
              -1 0 0,
              -1 0 0,
              -1 0 0,
              -1 0 0,
              -1 0 0,
              -1 0 0,
              -1 0 0,
              -1 0 0,
              -1 0 0,
              -1 0 0,
              -1 0 0,
              -1 0 0,
              -1 0 0,
              -1 0 0,
              -1 0 0,
              -1 0 0,
              -1 0 0,
              -1 0 0,
              -1 0 0,
              -1 0 0,
              -1 0 0,
              -1 0 0,
              -1 0 0,
              -1 0 0,
              -1 0 0,
              -1 0 0,
              -1 0 0,
              -1 0 0,
              -1 0 0,
              -1 0 0,
              -1 0 0,
              -1 0 0,
              -1 0 0,
              -1 0 0,
              -1 0 0,
              -1 0 0,
              -1 0 0,
              -1 0 0,
              -1 0 0,
              -1 0 0,
              -1 0 0,
              -1 0 0,
              -1 0 0,
              -1 0 0,
              -1 0 0,
              -1 0 0,
              -1 0 0,
              -1 0 0,
              -1 0 0,
              -1 0 0,
              -1 0 0,
              -1 0 0,
              -1 0 0,
              -1 0 0,
              -1 0 0,
              -1 0 0,
              -1 0 0,
              -1 0 0,
              -1 0 0,
              -1 0 0,
              -1 0 0,
              -1 0 0,
              -1 0 0,
              -1 0 0,
              -1 0 0,
              -1 0 0,
              -1 0 0,
              -1 0 0,
              -1 0 0,
              -1 0 0,
              -1 0 0,
              -1 0 0,
              -1 0 0,
              -1 0 0,
              -1 0 0,
              -1 0 0,
              -1 0 0,
              -1 0 0,
              -1 0 0,
              -1 0 0,
              -1 0 0,
              -1 0 0,
              -1 0 0,
              -1 0 0,
              -1 0 0,
              -1 0 0,
              -1 0 0,
              -1 0 0,
              -1 0 0,
              -1 0 0,
              -1 0 0,
              -1 0 0,
              -1 0 0,
              -1 0 0,
              -1 0 0,
              -1 0 0,
              -1 0 0,
              -1 0 0,
              -1 0 0,
              -1 0 0,
              -1 0 0,
              -1 0 0,
              -1 0 0,
              -1 0 0,
              -1 0 0,
              -1 0 0,
              -1 0 0,
              -1 0 0,
              -1 0 0,
              -1 0 0,
              -1 0 0,
              -1 0 0,
              -1 0 0,
              -1 0 0,
              -1 0 0,
              "/>
          </IndexedFaceSet>
        </Shape>
      </Transform>
      <Transform translation="0 0 0" rotation="0 0 1 -0" scale="1 1 1">
        <Shape>
          <Appearance>
            <Material ambientIntensity="0" emissiveColor="0 0 0" diffuseColor="1 1 1" specularColor="0 0 0" shininess="0.0078125" transparency="0"/>
          </Appearance>
          <IndexedFaceSet solid="false" colorPerVertex="true" normalPerVertex="true" coordIndex="
            0 2 6 -1 
            6 4 0 -1 
            5 1 8 -1 
            8 16 5 -1 
            9 10 3 -1 
            3 12 9 -1 
            13 14 7 -1 
            7 20 13 -1 
            22 15 11 -1 
            11 18 22 -1 
            17 21 23 -1 
            23 19 17 -1 
            ">
            <Coordinate DEF="VTKcoordinates0001" point="
              1080 -100 -100,
              1080 100 -100,
              1080 -100 100,
              1080 100 100,
              1120 -100 -100,
              1120 100 -100,
              1120 -100 100,
              1120 100 100,
              1080 -100 -100,
              1080 -100 -100,
              1080 100 -100,
              1080 100 -100,
              1080 -100 100,
              1080 -100 100,
              1080 100 100,
              1080 100 100,
              1120 -100 -100,
              1120 -100 -100,
              1120 100 -100,
              1120 100 -100,
              1120 -100 100,
              1120 -100 100,
              1120 100 100,
              1120 100 100,
              "/>
            <Normal DEF="VTKnormals0001" vector="
              0 1 0,
              0 0 1,
              0 1 0,
              1 0 0,
              0 1 0,
              0 0 1,
              0 1 0,
              0 0 -1,
              0 0 1,
              1 0 0,
              1 0 0,
              0 -1 0,
              1 0 0,
              0 0 -1,
              0 0 -1,
              0 -1 0,
              0 0 1,
              -1 0 0,
              0 -1 0,
              -1 0 0,
              0 0 -1,
              -1 0 0,
              0 -1 0,
              -1 0 0,
              "/>
          </IndexedFaceSet>
        </Shape>
      </Transform>
      <Transform translation="0 0 0" rotation="0 0 1 -0" scale="1 1 1">
        <Shape>
          <Appearance>
            <Material ambientIntensity="0" emissiveColor="0 0 0" diffuseColor="0 0 1" specularColor="0 0 0" shininess="0.0078125" transparency="0"/>
          </Appearance>
          <IndexedFaceSet solid="false" colorPerVertex="true" normalPerVertex="true" coordIndex="
            0 2 6 -1 
            6 4 0 -1 
            5 1 8 -1 
            8 16 5 -1 
            9 10 3 -1 
            3 12 9 -1 
            13 14 7 -1 
            7 20 13 -1 
            22 15 11 -1 
            11 18 22 -1 
            17 21 23 -1 
            23 19 17 -1 
            ">
            <Coordinate DEF="VTKcoordinates0002" point="
              998.675 -20.6473 9.78656,
              999.102 -0.651832 9.79502,
              998.279 -20.6473 29.7826,
              998.706 -0.651832 29.7911,
              1000.67 -20.69 9.82617,
              1001.1 -0.694516 9.83463,
              1000.28 -20.69 29.8222,
              1000.7 -0.694516 29.8307,
              998.675 -20.6473 9.78656,
              998.675 -20.6473 9.78656,
              999.102 -0.651832 9.79502,
              999.102 -0.651832 9.79502,
              998.279 -20.6473 29.7826,
              998.279 -20.6473 29.7826,
              998.706 -0.651832 29.7911,
              998.706 -0.651832 29.7911,
              1000.67 -20.69 9.82617,
              1000.67 -20.69 9.82617,
              1001.1 -0.694516 9.83463,
              1001.1 -0.694516 9.83463,
              1000.28 -20.69 29.8222,
              1000.28 -20.69 29.8222,
              1000.7 -0.694516 29.8307,
              1000.7 -0.694516 29.8307,
              "/>
            <Normal DEF="VTKnormals0002" vector="
              0.0213376 0.999772 0.0004228,
              -0.0198109 8.67362e-18 0.999804,
              0.0213376 0.999772 0.0004228,
              0.999576 -0.0213418 0.0198064,
              0.0213376 0.999772 0.0004228,
              -0.0198109 8.67362e-18 0.999804,
              0.0213376 0.999772 0.0004228,
              0.0198109 -2.24126e-16 -0.999804,
              -0.0198109 8.67362e-18 0.999804,
              0.999576 -0.0213418 0.0198064,
              0.999576 -0.0213418 0.0198064,
              -0.0213376 -0.999772 -0.0004228,
              0.999576 -0.0213418 0.0198064,
              0.0198109 -2.24126e-16 -0.999804,
              0.0198109 -2.24126e-16 -0.999804,
              -0.0213376 -0.999772 -0.0004228,
              -0.0198109 8.67362e-18 0.999804,
              -0.999576 0.0213418 -0.0198064,
              -0.0213376 -0.999772 -0.0004228,
              -0.999576 0.0213418 -0.0198064,
              0.0198109 -2.24126e-16 -0.999804,
              -0.999576 0.0213418 -0.0198064,
              -0.0213376 -0.999772 -0.0004228,
              -0.999576 0.0213418 -0.0198064,
              "/>
          </IndexedFaceSet>
        </Shape>
      </Transform>
      <Transform translation="0 0 0" rotation="0 0 1 -0" scale="1 1 1">
        <Shape>
          <Appearance>
            <Material ambientIntensity="0" emissiveColor="0 0 0" diffuseColor="1 0 0" specularColor="0 0 0" shininess="0.0078125" transparency="0"/>
          </Appearance>
          <IndexedFaceSet solid="false" colorPerVertex="true" normalPerVertex="true" coordIndex="
            0 2 6 -1 
            6 4 0 -1 
            5 1 8 -1 
            8 16 5 -1 
            9 10 3 -1 
            3 12 9 -1 
            13 14 7 -1 
            7 20 13 -1 
            22 15 11 -1 
            11 18 22 -1 
            17 21 23 -1 
            23 19 17 -1 
            ">
            <Coordinate DEF="VTKcoordinates0003" point="
              998.279 -20.6473 -29.7826,
              998.706 -0.651832 -29.7911,
              998.675 -20.6473 -9.78656,
              999.102 -0.651832 -9.79502,
              1000.28 -20.69 -29.8222,
              1000.7 -0.694516 -29.8307,
              1000.67 -20.69 -9.82617,
              1001.1 -0.694516 -9.83463,
              998.279 -20.6473 -29.7826,
              998.279 -20.6473 -29.7826,
              998.706 -0.651832 -29.7911,
              998.706 -0.651832 -29.7911,
              998.675 -20.6473 -9.78656,
              998.675 -20.6473 -9.78656,
              999.102 -0.651832 -9.79502,
              999.102 -0.651832 -9.79502,
              1000.28 -20.69 -29.8222,
              1000.28 -20.69 -29.8222,
              1000.7 -0.694516 -29.8307,
              1000.7 -0.694516 -29.8307,
              1000.67 -20.69 -9.82617,
              1000.67 -20.69 -9.82617,
              1001.1 -0.694516 -9.83463,
              1001.1 -0.694516 -9.83463,
              "/>
            <Normal DEF="VTKnormals0003" vector="
              0.0213376 0.999772 -0.0004228,
              0.0198109 -2.24126e-16 0.999804,
              0.0213376 0.999772 -0.0004228,
              0.999576 -0.0213418 -0.0198064,
              0.0213376 0.999772 -0.0004228,
              0.0198109 -2.24126e-16 0.999804,
              0.0213376 0.999772 -0.0004228,
              -0.0198109 8.67362e-18 -0.999804,
              0.0198109 -2.24126e-16 0.999804,
              0.999576 -0.0213418 -0.0198064,
              0.999576 -0.0213418 -0.0198064,
              -0.0213376 -0.999772 0.0004228,
              0.999576 -0.0213418 -0.0198064,
              -0.0198109 8.67362e-18 -0.999804,
              -0.0198109 8.67362e-18 -0.999804,
              -0.0213376 -0.999772 0.0004228,
              0.0198109 -2.24126e-16 0.999804,
              -0.999576 0.0213418 0.0198064,
              -0.0213376 -0.999772 0.0004228,
              -0.999576 0.0213418 0.0198064,
              -0.0198109 8.67362e-18 -0.999804,
              -0.999576 0.0213418 0.0198064,
              -0.0213376 -0.999772 0.0004228,
              -0.999576 0.0213418 0.0198064,
              "/>
          </IndexedFaceSet>
        </Shape>
      </Transform>
      <Transform translation="0 0 0" rotation="0 0 1 -0" scale="1 1 1">
        <Shape>
          <Appearance>
            <Material ambientIntensity="0" emissiveColor="0 0 0" diffuseColor="1 0 0" specularColor="0 0 0" shininess="0.0078125" transparency="0"/>
          </Appearance>
          <IndexedFaceSet solid="false" colorPerVertex="true" normalPerVertex="true" coordIndex="
            0 2 6 -1 
            6 4 0 -1 
            5 1 8 -1 
            8 16 5 -1 
            9 10 3 -1 
            3 12 9 -1 
            13 14 7 -1 
            7 20 13 -1 
            22 15 11 -1 
            11 18 22 -1 
            17 21 23 -1 
            23 19 17 -1 
            ">
            <Coordinate DEF="VTKcoordinates0004" point="
              998.215 27.3155 19.3281,
              996.721 47.2596 19.2842,
              997.628 27.3155 39.3194,
              996.134 47.2596 39.2755,
              1000.21 27.4649 19.3866,
              998.715 47.409 19.3427,
              999.621 27.4649 39.378,
              998.127 47.409 39.3341,
              998.215 27.3155 19.3281,
              998.215 27.3155 19.3281,
              996.721 47.2596 19.2842,
              996.721 47.2596 19.2842,
              997.628 27.3155 39.3194,
              997.628 27.3155 39.3194,
              996.134 47.2596 39.2755,
              996.134 47.2596 39.2755,
              1000.21 27.4649 19.3866,
              1000.21 27.4649 19.3866,
              998.715 47.409 19.3427,
              998.715 47.409 19.3427,
              999.621 27.4649 39.378,
              999.621 27.4649 39.378,
              998.127 47.409 39.3341,
              998.127 47.409 39.3341,
              "/>
            <Normal DEF="VTKnormals0004" vector="
              -0.0746922 0.997204 -0.00219482,
              -0.0293722 -2.15453e-16 0.999569,
              -0.0746922 0.997204 -0.00219482,
              0.996774 0.0747245 0.02929,
              -0.0746922 0.997204 -0.00219482,
              -0.0293722 -2.15453e-16 0.999569,
              -0.0746922 0.997204 -0.00219482,
              0.0293722 -1.38778e-16 -0.999569,
              -0.0293722 -2.15453e-16 0.999569,
              0.996774 0.0747245 0.02929,
              0.996774 0.0747245 0.02929,
              0.0746922 -0.997204 0.00219482,
              0.996774 0.0747245 0.02929,
              0.0293722 -1.38778e-16 -0.999569,
              0.0293722 -1.38778e-16 -0.999569,
              0.0746922 -0.997204 0.00219482,
              -0.0293722 -2.15453e-16 0.999569,
              -0.996774 -0.0747245 -0.02929,
              0.0746922 -0.997204 0.00219482,
              -0.996774 -0.0747245 -0.02929,
              0.0293722 -1.38778e-16 -0.999569,
              -0.996774 -0.0747245 -0.02929,
              0.0746922 -0.997204 0.00219482,
              -0.996774 -0.0747245 -0.02929,
              "/>
          </IndexedFaceSet>
        </Shape>
      </Transform>
      <Transform translation="0 0 0" rotation="0 0 1 -0" scale="1 1 1">
        <Shape>
          <Appearance>
            <Material ambientIntensity="0" emissiveColor="0 0 0" diffuseColor="1 0 0" specularColor="0 0 0" shininess="0.0078125" transparency="0"/>
          </Appearance>
          <IndexedFaceSet solid="false" colorPerVertex="true" normalPerVertex="true" coordIndex="
            0 2 6 -1 
            6 4 0 -1 
            5 1 8 -1 
            8 16 5 -1 
            9 10 3 -1 
            3 12 9 -1 
            13 14 7 -1 
            7 20 13 -1 
            22 15 11 -1 
            11 18 22 -1 
            17 21 23 -1 
            23 19 17 -1 
            ">
            <Coordinate DEF="VTKcoordinates0005" point="
              998.481 -0.682517 36.5468,
              998.108 19.314 36.5294,
              997.55 -0.682517 56.5251,
              997.177 19.314 56.5077,
              1000.48 -0.645179 36.6399,
              1000.11 19.3513 36.6225,
              999.547 -0.645179 56.6182,
              999.174 19.3513 56.6008,
              998.481 -0.682517 36.5468,
              998.481 -0.682517 36.5468,
              998.108 19.314 36.5294,
              998.108 19.314 36.5294,
              997.55 -0.682517 56.5251,
              997.55 -0.682517 56.5251,
              997.177 19.314 56.5077,
              997.177 19.314 56.5077,
              1000.48 -0.645179 36.6399,
              1000.48 -0.645179 36.6399,
              1000.11 19.3513 36.6225,
              1000.11 19.3513 36.6225,
              999.547 -0.645179 56.6182,
              999.547 -0.645179 56.6182,
              999.174 19.3513 56.6008,
              999.174 19.3513 56.6008,
              "/>
            <Normal DEF="VTKnormals0005" vector="
              -0.0186486 0.999826 -0.000869554,
              -0.0465779 -3.92394e-16 0.998915,
              -0.0186486 0.999826 -0.000869554,
              0.998741 0.0186688 0.0465697,
              -0.0186486 0.999826 -0.000869554,
              -0.0465779 -3.92394e-16 0.998915,
              -0.0186486 0.999826 -0.000869554,
              0.0465779 3.92394e-16 -0.998915,
              -0.0465779 -3.92394e-16 0.998915,
              0.998741 0.0186688 0.0465697,
              0.998741 0.0186688 0.0465697,
              0.0186486 -0.999826 0.000869554,
              0.998741 0.0186688 0.0465697,
              0.0465779 3.92394e-16 -0.998915,
              0.0465779 3.92394e-16 -0.998915,
              0.0186486 -0.999826 0.000869554,
              -0.0465779 -3.92394e-16 0.998915,
              -0.998741 -0.0186688 -0.0465697,
              0.0186486 -0.999826 0.000869554,
              -0.998741 -0.0186688 -0.0465697,
              0.0465779 3.92394e-16 -0.998915,
              -0.998741 -0.0186688 -0.0465697,
              0.0186486 -0.999826 0.000869554,
              -0.998741 -0.0186688 -0.0465697,
              "/>
          </IndexedFaceSet>
        </Shape>
      </Transform>
      <Transform translation="0 0 0" rotation="0 0 1 -0" scale="1 1 1">
        <Shape>
          <Appearance>
            <Material ambientIntensity="0" emissiveColor="0 0 0" diffuseColor="0 0 1" specularColor="0 0 0" shininess="0.0078125" transparency="0"/>
          </Appearance>
          <IndexedFaceSet solid="false" colorPerVertex="true" normalPerVertex="true" coordIndex="
            0 2 6 -1 
            6 4 0 -1 
            5 1 8 -1 
            8 16 5 -1 
            9 10 3 -1 
            3 12 9 -1 
            13 14 7 -1 
            7 20 13 -1 
            22 15 11 -1 
            11 18 22 -1 
            17 21 23 -1 
            23 19 17 -1 
            ">
            <Coordinate DEF="VTKcoordinates0006" point="
              997.556 -33.1163 31.4117,
              998.482 -13.1378 31.4502,
              996.726 -33.1163 51.3945,
              997.652 -13.1378 51.4329,
              999.552 -33.209 31.4946,
              1000.48 -13.2305 31.533,
              998.722 -33.209 51.4774,
              999.649 -13.2305 51.5158,
              997.556 -33.1163 31.4117,
              997.556 -33.1163 31.4117,
              998.482 -13.1378 31.4502,
              998.482 -13.1378 31.4502,
              996.726 -33.1163 51.3945,
              996.726 -33.1163 51.3945,
              997.652 -13.1378 51.4329,
              997.652 -13.1378 51.4329,
              999.552 -33.209 31.4946,
              999.552 -33.209 31.4946,
              1000.48 -13.2305 31.533,
              1000.48 -13.2305 31.533,
              998.722 -33.209 51.4774,
              998.722 -33.209 51.4774,
              999.649 -13.2305 51.5158,
              999.649 -13.2305 51.5158,
              "/>
            <Normal DEF="VTKnormals0006" vector="
              0.0463069 0.998925 0.00192275,
              -0.0414861 -5.79398e-17 0.999139,
              0.0463069 0.998925 0.00192275,
              0.998065 -0.0463468 0.0414415,
              0.0463069 0.998925 0.00192275,
              -0.0414861 -5.79398e-17 0.999139,
              0.0463069 0.998925 0.00192275,
              0.0414861 4.12517e-16 -0.999139,
              -0.0414861 -5.79398e-17 0.999139,
              0.998065 -0.0463468 0.0414415,
              0.998065 -0.0463468 0.0414415,
              -0.0463069 -0.998925 -0.00192275,
              0.998065 -0.0463468 0.0414415,
              0.0414861 4.12517e-16 -0.999139,
              0.0414861 4.12517e-16 -0.999139,
              -0.0463069 -0.998925 -0.00192275,
              -0.0414861 -5.79398e-17 0.999139,
              -0.998065 0.0463468 -0.0414415,
              -0.0463069 -0.998925 -0.00192275,
              -0.998065 0.0463468 -0.0414415,
              0.0414861 4.12517e-16 -0.999139,
              -0.998065 0.0463468 -0.0414415,
              -0.0463069 -0.998925 -0.00192275,
              -0.998065 0.0463468 -0.0414415,
              "/>
          </IndexedFaceSet>
        </Shape>
      </Transform>
      <Transform translation="0 0 0" rotation="0 0 1 -0" scale="1 1 1">
        <Shape>
          <Appearance>
            <Material ambientIntensity="0" emissiveColor="0 0 0" diffuseColor="0 0.5 0" specularColor="0 0 0" shininess="0.0078125" transparency="0"/>
          </Appearance>
          <IndexedFaceSet solid="false" colorPerVertex="true" normalPerVertex="true" coordIndex="
            0 2 6 -1 
            6 4 0 -1 
            5 1 8 -1 
            8 16 5 -1 
            9 10 3 -1 
            3 12 9 -1 
            13 14 7 -1 
            7 20 13 -1 
            22 15 11 -1 
            11 18 22 -1 
            17 21 23 -1 
            23 19 17 -1 
            ">
            <Coordinate DEF="VTKcoordinates0007" point="
              996.153 -54.4304 6.42374,
              997.935 -34.51 6.45313,
              995.823 -54.4304 26.421,
              997.605 -34.51 26.4504,
              998.145 -54.6086 6.45659,
              999.927 -34.6882 6.48597,
              997.815 -54.6086 26.4539,
              999.597 -34.6882 26.4833,
              996.153 -54.4304 6.42374,
              996.153 -54.4304 6.42374,
              997.935 -34.51 6.45313,
              997.935 -34.51 6.45313,
              995.823 -54.4304 26.421,
              995.823 -54.4304 26.421,
              997.605 -34.51 26.4504,
              997.605 -34.51 26.4504,
              998.145 -54.6086 6.45659,
              998.145 -54.6086 6.45659,
              999.927 -34.6882 6.48597,
              999.927 -34.6882 6.48597,
              997.815 -54.6086 26.4539,
              997.815 -54.6086 26.4539,
              999.597 -34.6882 26.4833,
              999.597 -34.6882 26.4833,
              "/>
            <Normal DEF="VTKnormals0007" vector="
              0.0891065 0.996021 0.00146924,
              -0.0164863 1.2889e-16 0.999864,
              0.0891065 0.996021 0.00146924,
              0.995886 -0.0891186 0.0164207,
              0.0891065 0.996021 0.00146924,
              -0.0164863 1.2889e-16 0.999864,
              0.0891065 0.996021 0.00146924,
              0.0164863 2.94903e-17 -0.999864,
              -0.0164863 1.2889e-16 0.999864,
              0.995886 -0.0891186 0.0164207,
              0.995886 -0.0891186 0.0164207,
              -0.0891065 -0.996021 -0.00146924,
              0.995886 -0.0891186 0.0164207,
              0.0164863 2.94903e-17 -0.999864,
              0.0164863 2.94903e-17 -0.999864,
              -0.0891065 -0.996021 -0.00146924,
              -0.0164863 1.2889e-16 0.999864,
              -0.995886 0.0891186 -0.0164207,
              -0.0891065 -0.996021 -0.00146924,
              -0.995886 0.0891186 -0.0164207,
              0.0164863 2.94903e-17 -0.999864,
              -0.995886 0.0891186 -0.0164207,
              -0.0891065 -0.996021 -0.00146924,
              -0.995886 0.0891186 -0.0164207,
              "/>
          </IndexedFaceSet>
        </Shape>
      </Transform>
      <Transform translation="0 0 0" rotation="0 0 1 -0" scale="1 1 1">
        <Shape>
          <Appearance>
            <Material ambientIntensity="0" emissiveColor="0 0 0" diffuseColor="0 0.5 0" specularColor="0 0 0" shininess="0.0078125" transparency="0"/>
          </Appearance>
          <IndexedFaceSet solid="false" colorPerVertex="true" normalPerVertex="true" coordIndex="
            0 2 6 -1 
            6 4 0 -1 
            5 1 8 -1 
            8 16 5 -1 
            9 10 3 -1 
            3 12 9 -1 
            13 14 7 -1 
            7 20 13 -1 
            22 15 11 -1 
            11 18 22 -1 
            17 21 23 -1 
            23 19 17 -1 
            ">
            <Coordinate DEF="VTKcoordinates0008" point="
              995.823 -54.4304 -26.421,
              997.605 -34.51 -26.4504,
              996.153 -54.4304 -6.42374,
              997.935 -34.51 -6.45313,
              997.815 -54.6086 -26.4539,
              999.597 -34.6882 -26.4833,
              998.145 -54.6086 -6.45659,
              999.927 -34.6882 -6.48597,
              995.823 -54.4304 -26.421,
              995.823 -54.4304 -26.421,
              997.605 -34.51 -26.4504,
              997.605 -34.51 -26.4504,
              996.153 -54.4304 -6.42374,
              996.153 -54.4304 -6.42374,
              997.935 -34.51 -6.45313,
              997.935 -34.51 -6.45313,
              997.815 -54.6086 -26.4539,
              997.815 -54.6086 -26.4539,
              999.597 -34.6882 -26.4833,
              999.597 -34.6882 -26.4833,
              998.145 -54.6086 -6.45659,
              998.145 -54.6086 -6.45659,
              999.927 -34.6882 -6.48597,
              999.927 -34.6882 -6.48597,
              "/>
            <Normal DEF="VTKnormals0008" vector="
              0.0891065 0.996021 -0.00146924,
              0.0164863 2.94903e-17 0.999864,
              0.0891065 0.996021 -0.00146924,
              0.995886 -0.0891186 -0.0164207,
              0.0891065 0.996021 -0.00146924,
              0.0164863 2.94903e-17 0.999864,
              0.0891065 0.996021 -0.00146924,
              -0.0164863 1.2889e-16 -0.999864,
              0.0164863 2.94903e-17 0.999864,
              0.995886 -0.0891186 -0.0164207,
              0.995886 -0.0891186 -0.0164207,
              -0.0891065 -0.996021 0.00146924,
              0.995886 -0.0891186 -0.0164207,
              -0.0164863 1.2889e-16 -0.999864,
              -0.0164863 1.2889e-16 -0.999864,
              -0.0891065 -0.996021 0.00146924,
              0.0164863 2.94903e-17 0.999864,
              -0.995886 0.0891186 0.0164207,
              -0.0891065 -0.996021 0.00146924,
              -0.995886 0.0891186 0.0164207,
              -0.0164863 1.2889e-16 -0.999864,
              -0.995886 0.0891186 0.0164207,
              -0.0891065 -0.996021 0.00146924,
              -0.995886 0.0891186 0.0164207,
              "/>
          </IndexedFaceSet>
        </Shape>
      </Transform>
