<?xml version="1.0" encoding ="UTF-8"?>

<X3D profile="Immersive" version="3.0">
  <head>
    <meta name="filename" content="../web/subaper.x3d"/>
    <meta name="generator" content="Visualization ToolKit X3D exporter v0.9.1"/>
    <meta name="numberofelements" content="37"/>
  </head>
  <Scene>
    <Background skyColor="1 1 1"/>
    <Viewpoint fieldOfView="0.523599" position="15780.9 8180.92 7916.78" description="Default View" orientation="0.18481 0.44617 0.875658 -3.8375" centerOfRotation="7200 -400 -900"/>
    <NavigationInfo type='"EXAMINE" "FLY" "ANY"' speed="4" headlight="true"/>
    <DirectionalLight ambientIntensity="1" intensity="0" color="1 1 1"/>
    <Transform DEF="ROOT" translation="0 0 0">
      <DirectionalLight direction="-0.5 -0.707107 -0.5" color="1 1 1" intensity="1" on="true"/>
      <DirectionalLight direction="0.75 0.5 -0.433013" color="1 1 1" intensity="0.6" on="true"/>
      <DirectionalLight direction="-0.75 0.5 -0.433013" color="1 1 1" intensity="0.5" on="true"/>
      <DirectionalLight direction="0 0 -1" color="1 1 1" intensity="1" on="false"/>
      <Transform translation="0 0 0" rotation="0 0 1 -0" scale="1 1 1">
        <Shape>
          <Appearance>
            <Material ambientIntensity="0" emissiveColor="0 0 0" diffuseColor="0 0.75 0.75" specularColor="0 0 0" shininess="0.0078125" transparency="0.7"/>
          </Appearance>
          <IndexedFaceSet solid="false" colorPerVertex="true" normalPerVertex="true" coordIndex="
            0 4 5 -1 
            5 1 0 -1 
            1 5 6 -1 
            1 6 7 -1 
            1 7 8 -1 
            1 8 9 -1 
            1 9 10 -1 
            1 10 11 -1 
            1 11 12 -1 
            1 12 13 -1 
            1 13 14 -1 
            1 14 15 -1 
            1 15 16 -1 
            1 16 17 -1 
            1 17 18 -1 
            1 18 19 -1 
            1 19 20 -1 
            1 20 21 -1 
            1 21 22 -1 
            1 22 23 -1 
            1 23 24 -1 
            1 24 25 -1 
            1 25 26 -1 
            1 26 27 -1 
            27 2 1 -1 
            2 27 28 -1 
            2 28 29 -1 
            2 29 30 -1 
            2 30 31 -1 
            2 31 32 -1 
            2 32 33 -1 
            2 33 34 -1 
            2 34 35 -1 
            2 35 36 -1 
            2 36 37 -1 
            2 37 38 -1 
            2 38 39 -1 
            2 39 40 -1 
            2 40 41 -1 
            2 41 42 -1 
            2 42 43 -1 
            2 43 44 -1 
            2 44 45 -1 
            2 45 46 -1 
            2 46 47 -1 
            2 47 48 -1 
            2 48 49 -1 
            2 49 50 -1 
            50 3 2 -1 
            3 50 51 -1 
            3 51 52 -1 
            3 52 53 -1 
            3 53 54 -1 
            3 54 55 -1 
            3 55 56 -1 
            3 56 57 -1 
            3 57 58 -1 
            3 58 59 -1 
            3 59 60 -1 
            3 60 61 -1 
            3 61 62 -1 
            3 62 63 -1 
            3 63 64 -1 
            3 64 65 -1 
            3 65 66 -1 
            3 66 67 -1 
            3 67 68 -1 
            3 68 69 -1 
            3 69 70 -1 
            3 70 71 -1 
            3 71 72 -1 
            72 0 3 -1 
            0 72 73 -1 
            0 73 74 -1 
            0 74 75 -1 
            0 75 76 -1 
            0 76 77 -1 
            0 77 78 -1 
            0 78 79 -1 
            0 79 80 -1 
            0 80 81 -1 
            0 81 82 -1 
            0 82 83 -1 
            0 83 84 -1 
            0 84 85 -1 
            0 85 86 -1 
            0 86 87 -1 
            0 87 88 -1 
            0 88 89 -1 
            0 89 90 -1 
            0 90 91 -1 
            0 91 92 -1 
            0 92 93 -1 
            0 93 4 -1 
            94 95 184 -1 
            94 96 95 -1 
            94 97 96 -1 
            94 98 97 -1 
            94 99 98 -1 
            94 100 99 -1 
            94 101 100 -1 
            94 102 101 -1 
            94 103 102 -1 
            94 104 103 -1 
            94 105 104 -1 
            94 106 105 -1 
            94 107 106 -1 
            94 108 107 -1 
            94 109 108 -1 
            94 110 109 -1 
            94 111 110 -1 
            94 112 111 -1 
            94 113 112 -1 
            94 114 113 -1 
            94 115 114 -1 
            94 116 115 -1 
            94 117 116 -1 
            94 118 117 -1 
            94 119 118 -1 
            94 120 119 -1 
            94 121 120 -1 
            94 122 121 -1 
            94 123 122 -1 
            94 124 123 -1 
            94 125 124 -1 
            94 126 125 -1 
            94 127 126 -1 
            94 128 127 -1 
            94 129 128 -1 
            94 130 129 -1 
            94 131 130 -1 
            94 132 131 -1 
            94 133 132 -1 
            94 134 133 -1 
            94 135 134 -1 
            94 136 135 -1 
            94 137 136 -1 
            94 138 137 -1 
            94 139 138 -1 
            94 140 139 -1 
            94 141 140 -1 
            94 142 141 -1 
            94 143 142 -1 
            94 144 143 -1 
            94 145 144 -1 
            94 146 145 -1 
            94 147 146 -1 
            94 148 147 -1 
            94 149 148 -1 
            94 150 149 -1 
            94 151 150 -1 
            94 152 151 -1 
            94 153 152 -1 
            94 154 153 -1 
            94 155 154 -1 
            94 156 155 -1 
            94 157 156 -1 
            94 158 157 -1 
            94 159 158 -1 
            94 160 159 -1 
            94 161 160 -1 
            94 162 161 -1 
            94 163 162 -1 
            94 164 163 -1 
            94 165 164 -1 
            94 166 165 -1 
            94 167 166 -1 
            94 168 167 -1 
            94 169 168 -1 
            94 170 169 -1 
            94 171 170 -1 
            94 172 171 -1 
            94 173 172 -1 
            94 174 173 -1 
            94 175 174 -1 
            94 176 175 -1 
            94 177 176 -1 
            94 178 177 -1 
            94 179 178 -1 
            94 180 179 -1 
            94 181 180 -1 
            94 182 181 -1 
            94 183 182 -1 
            94 184 183 -1 
            ">
            <Coordinate DEF="VTKcoordinates0000" point="
              12000 3000 3000,
              12000 -3000 3000,
              12000 -3000 -3000,
              12000 3000 -3000,
              12000 6.12323e-14 1000,
              12000 -69.7565 997.564,
              12000 -139.173 990.268,
              12000 -207.912 978.148,
              12000 -275.637 961.262,
              12000 -342.02 939.693,
              12000 -406.737 913.545,
              12000 -469.472 882.948,
              12000 -529.919 848.048,
              12000 -587.785 809.017,
              12000 -642.788 766.044,
              12000 -694.658 719.34,
              12000 -743.145 669.131,
              12000 -788.011 615.661,
              12000 -829.038 559.193,
              12000 -866.025 500,
              12000 -898.794 438.371,
              12000 -927.184 374.607,
              12000 -951.057 309.017,
              12000 -970.296 241.922,
              12000 -984.808 173.648,
              12000 -994.522 104.528,
              12000 -999.391 34.8995,
              12000 -999.391 -34.8995,
              12000 -994.522 -104.528,
              12000 -984.808 -173.648,
              12000 -970.296 -241.922,
              12000 -951.057 -309.017,
              12000 -927.184 -374.607,
              12000 -898.794 -438.371,
              12000 -866.025 -500,
              12000 -829.038 -559.193,
              12000 -788.011 -615.661,
              12000 -743.145 -669.131,
              12000 -694.658 -719.34,
              12000 -642.788 -766.044,
              12000 -587.785 -809.017,
              12000 -529.919 -848.048,
              12000 -469.472 -882.948,
              12000 -406.737 -913.545,
              12000 -342.02 -939.693,
              12000 -275.637 -961.262,
              12000 -207.912 -978.148,
              12000 -139.173 -990.268,
              12000 -69.7565 -997.564,
              12000 -1.83697e-13 -1000,
              12000 69.7565 -997.564,
              12000 139.173 -990.268,
              12000 207.912 -978.148,
              12000 275.637 -961.262,
              12000 342.02 -939.693,
              12000 406.737 -913.545,
              12000 469.472 -882.948,
              12000 529.919 -848.048,
              12000 587.785 -809.017,
              12000 642.788 -766.044,
              12000 694.658 -719.34,
              12000 743.145 -669.131,
              12000 788.011 -615.661,
              12000 829.038 -559.193,
              12000 866.025 -500,
              12000 898.794 -438.371,
              12000 927.184 -374.607,
              12000 951.057 -309.017,
              12000 970.296 -241.922,
              12000 984.808 -173.648,
              12000 994.522 -104.528,
              12000 999.391 -34.8995,
              12000 999.391 34.8995,
              12000 994.522 104.528,
              12000 984.808 173.648,
              12000 970.296 241.922,
              12000 951.057 309.017,
              12000 927.184 374.607,
              12000 898.794 438.371,
              12000 866.025 500,
              12000 829.038 559.193,
              12000 788.011 615.661,
              12000 743.145 669.131,
              12000 694.658 719.34,
              12000 642.788 766.044,
              12000 587.785 809.017,
              12000 529.919 848.048,
              12000 469.472 882.948,
              12000 406.737 913.545,
              12000 342.02 939.693,
              12000 275.637 961.262,
              12000 207.912 978.148,
              12000 139.173 990.268,
              12000 69.7565 997.564,
              12000 0 0,
              12000 5.8783e-14 960,
              12000 -66.9662 957.661,
              12000 -133.606 950.657,
              12000 -199.595 939.022,
              12000 -264.612 922.811,
              12000 -328.339 902.105,
              12000 -390.467 877.004,
              12000 -450.693 847.63,
              12000 -508.722 814.126,
              12000 -564.274 776.656,
              12000 -617.076 735.403,
              12000 -666.872 690.566,
              12000 -713.419 642.365,
              12000 -756.49 591.035,
              12000 -795.876 536.825,
              12000 -831.384 480,
              12000 -862.842 420.836,
              12000 -890.097 359.622,
              12000 -913.014 296.656,
              12000 -931.484 232.245,
              12000 -945.415 166.702,
              12000 -954.741 100.347,
              12000 -959.415 33.5035,
              12000 -959.415 -33.5035,
              12000 -954.741 -100.347,
              12000 -945.415 -166.702,
              12000 -931.484 -232.245,
              12000 -913.014 -296.656,
              12000 -890.097 -359.622,
              12000 -862.842 -420.836,
              12000 -831.384 -480,
              12000 -795.876 -536.825,
              12000 -756.49 -591.035,
              12000 -713.419 -642.365,
              12000 -666.872 -690.566,
              12000 -617.076 -735.403,
              12000 -564.274 -776.656,
              12000 -508.722 -814.126,
              12000 -450.693 -847.63,
              12000 -390.467 -877.004,
              12000 -328.339 -902.105,
              12000 -264.612 -922.811,
              12000 -199.595 -939.022,
              12000 -133.606 -950.657,
              12000 -66.9662 -957.661,
              12000 -1.76349e-13 -960,
              12000 66.9662 -957.661,
              12000 133.606 -950.657,
              12000 199.595 -939.022,
              12000 264.612 -922.811,
              12000 328.339 -902.105,
              12000 390.467 -877.004,
              12000 450.693 -847.63,
              12000 508.722 -814.126,
              12000 564.274 -776.656,
              12000 617.076 -735.403,
              12000 666.872 -690.566,
              12000 713.419 -642.365,
              12000 756.49 -591.035,
              12000 795.876 -536.825,
              12000 831.384 -480,
              12000 862.842 -420.836,
              12000 890.097 -359.622,
              12000 913.014 -296.656,
              12000 931.484 -232.245,
              12000 945.415 -166.702,
              12000 954.741 -100.347,
              12000 959.415 -33.5035,
              12000 959.415 33.5035,
              12000 954.741 100.347,
              12000 945.415 166.702,
              12000 931.484 232.245,
              12000 913.014 296.656,
              12000 890.097 359.622,
              12000 862.842 420.836,
              12000 831.384 480,
              12000 795.876 536.825,
              12000 756.49 591.035,
              12000 713.419 642.365,
              12000 666.872 690.566,
              12000 617.076 735.403,
              12000 564.274 776.656,
              12000 508.722 814.126,
              12000 450.693 847.63,
              12000 390.467 877.004,
              12000 328.339 902.105,
              12000 264.612 922.811,
              12000 199.595 939.022,
              12000 133.606 950.657,
              12000 66.9662 957.661,
              "/>
            <Normal DEF="VTKnormals0000" vector="
              -1 0 0,
              -1 0 0,
              -1 0 0,
              -1 0 0,
              -1 0 0,
              -1 0 0,
              -1 0 0,
              -1 0 0,
              -1 0 0,
              -1 0 0,
              -1 0 0,
              -1 0 0,
              -1 0 0,
              -1 0 0,
              -1 0 0,
              -1 0 0,
              -1 0 0,
              -1 0 0,
              -1 0 0,
              -1 0 0,
              -1 0 0,
              -1 0 0,
              -1 0 0,
              -1 0 0,
              -1 0 0,
              -1 0 0,
              -1 0 0,
              -1 0 0,
              -1 0 0,
              -1 0 0,
              -1 0 0,
              -1 0 0,
              -1 0 0,
              -1 0 0,
              -1 0 0,
              -1 0 0,
              -1 0 0,
              -1 0 0,
              -1 0 0,
              -1 0 0,
              -1 0 0,
              -1 0 0,
              -1 0 0,
              -1 0 0,
              -1 0 0,
              -1 0 0,
              -1 0 0,
              -1 0 0,
              -1 0 0,
              -1 0 0,
              -1 0 0,
              -1 0 0,
              -1 0 0,
              -1 0 0,
              -1 0 0,
              -1 0 0,
              -1 0 0,
              -1 0 0,
              -1 0 0,
              -1 0 0,
              -1 0 0,
              -1 0 0,
              -1 0 0,
              -1 0 0,
              -1 0 0,
              -1 0 0,
              -1 0 0,
              -1 0 0,
              -1 0 0,
              -1 0 0,
              -1 0 0,
              -1 0 0,
              -1 0 0,
              -1 0 0,
              -1 0 0,
              -1 0 0,
              -1 0 0,
              -1 0 0,
              -1 0 0,
              -1 0 0,
              -1 0 0,
              -1 0 0,
              -1 0 0,
              -1 0 0,
              -1 0 0,
              -1 0 0,
              -1 0 0,
              -1 0 0,
              -1 0 0,
              -1 0 0,
              -1 0 0,
              -1 0 0,
              -1 0 0,
              -1 0 0,
              -1 0 0,
              -1 0 0,
              -1 0 0,
              -1 0 0,
              -1 0 0,
              -1 0 0,
              -1 0 0,
              -1 0 0,
              -1 0 0,
              -1 0 0,
              -1 0 0,
              -1 0 0,
              -1 0 0,
              -1 0 0,
              -1 0 0,
              -1 0 0,
              -1 0 0,
              -1 0 0,
              -1 0 0,
              -1 0 0,
              -1 0 0,
              -1 0 0,
              -1 0 0,
              -1 0 0,
              -1 0 0,
              -1 0 0,
              -1 0 0,
              -1 0 0,
              -1 0 0,
              -1 0 0,
              -1 0 0,
              -1 0 0,
              -1 0 0,
              -1 0 0,
              -1 0 0,
              -1 0 0,
              -1 0 0,
              -1 0 0,
              -1 0 0,
              -1 0 0,
              -1 0 0,
              -1 0 0,
              -1 0 0,
              -1 0 0,
              -1 0 0,
              -1 0 0,
              -1 0 0,
              -1 0 0,
              -1 0 0,
              -1 0 0,
              -1 0 0,
              -1 0 0,
              -1 0 0,
              -1 0 0,
              -1 0 0,
              -1 0 0,
              -1 0 0,
              -1 0 0,
              -1 0 0,
              -1 0 0,
              -1 0 0,
              -1 0 0,
              -1 0 0,
              -1 0 0,
              -1 0 0,
              -1 0 0,
              -1 0 0,
              -1 0 0,
              -1 0 0,
              -1 0 0,
              -1 0 0,
              -1 0 0,
              -1 0 0,
              -1 0 0,
              -1 0 0,
              -1 0 0,
              -1 0 0,
              -1 0 0,
              -1 0 0,
              -1 0 0,
              -1 0 0,
              -1 0 0,
              -1 0 0,
              -1 0 0,
              -1 0 0,
              -1 0 0,
              -1 0 0,
              -1 0 0,
              -1 0 0,
              -1 0 0,
              -1 0 0,
              "/>
          </IndexedFaceSet>
        </Shape>
      </Transform>
      <Transform translation="0 0 0" rotation="0 0 1 -0" scale="1 1 1">
        <Shape>
          <Appearance>
            <Material ambientIntensity="0" emissiveColor="0 0 0" diffuseColor="1 1 1" specularColor="0 0 0" shininess="0.0078125" transparency="0.5"/>
          </Appearance>
          <IndexedFaceSet solid="false" colorPerVertex="true" normalPerVertex="true" coordIndex="
            0 2 6 -1 
            6 4 0 -1 
            5 1 8 -1 
            8 16 5 -1 
            9 10 3 -1 
            3 12 9 -1 
            13 14 7 -1 
            7 20 13 -1 
            22 15 11 -1 
            11 18 22 -1 
            17 21 23 -1 
            23 19 17 -1 
            ">
            <Coordinate DEF="VTKcoordinates0001" point="
              10980 -1000 -1000,
              10980 1000 -1000,
              10980 -1000 1000,
              10980 1000 1000,
              11020 -1000 -1000,
              11020 1000 -1000,
              11020 -1000 1000,
              11020 1000 1000,
              10980 -1000 -1000,
              10980 -1000 -1000,
              10980 1000 -1000,
              10980 1000 -1000,
              10980 -1000 1000,
              10980 -1000 1000,
              10980 1000 1000,
              10980 1000 1000,
              11020 -1000 -1000,
              11020 -1000 -1000,
              11020 1000 -1000,
              11020 1000 -1000,
              11020 -1000 1000,
              11020 -1000 1000,
              11020 1000 1000,
              11020 1000 1000,
              "/>
            <Normal DEF="VTKnormals0001" vector="
              0 1 0,
              0 0 1,
              0 1 0,
              1 0 0,
              0 1 0,
              0 0 1,
              0 1 0,
              0 0 -1,
              0 0 1,
              1 0 0,
              1 0 0,
              0 -1 0,
              1 0 0,
              0 0 -1,
              0 0 -1,
              0 -1 0,
              0 0 1,
              -1 0 0,
              0 -1 0,
              -1 0 0,
              0 0 -1,
              -1 0 0,
              0 -1 0,
              -1 0 0,
              "/>
          </IndexedFaceSet>
        </Shape>
      </Transform>
      <Transform translation="0 0 0" rotation="0 0 1 -0" scale="1 1 1">
        <Shape>
          <Appearance>
            <Material ambientIntensity="0" emissiveColor="0 0 0" diffuseColor="1 0 0" specularColor="0 0 0" shininess="0.0078125" transparency="0.5"/>
          </Appearance>
          <IndexedFaceSet solid="false" colorPerVertex="true" normalPerVertex="true" coordIndex="
            0 2 6 -1 
            6 4 0 -1 
            5 1 8 -1 
            8 16 5 -1 
            9 10 3 -1 
            3 12 9 -1 
            13 14 7 -1 
            7 20 13 -1 
            22 15 11 -1 
            11 18 22 -1 
            17 21 23 -1 
            23 19 17 -1 
            ">
            <Coordinate DEF="VTKcoordinates0002" point="
              9936.34 791.596 105.31,
              9908.49 949.153 104.79,
              9933.36 791.596 265.282,
              9905.5 949.153 264.763,
              9938.31 791.945 105.347,
              9910.46 949.501 104.827,
              9935.32 791.945 265.319,
              9907.47 949.501 264.799,
              9936.34 791.596 105.31,
              9936.34 791.596 105.31,
              9908.49 949.153 104.79,
              9908.49 949.153 104.79,
              9933.36 791.596 265.282,
              9933.36 791.596 265.282,
              9905.5 949.153 264.763,
              9905.5 949.153 264.763,
              9938.31 791.945 105.347,
              9938.31 791.945 105.347,
              9910.46 949.501 104.827,
              9910.46 949.501 104.827,
              9935.32 791.945 265.319,
              9935.32 791.945 265.319,
              9907.47 949.501 264.799,
              9907.47 949.501 264.799,
              "/>
            <Normal DEF="VTKnormals0002" vector="
              -0.174079 0.984726 -0.00324678,
              -0.0186479 3.52635e-15 0.999826,
              -0.174079 0.984726 -0.00324678,
              0.984555 0.17411 0.0183631,
              -0.174079 0.984726 -0.00324678,
              -0.0186479 3.52635e-15 0.999826,
              -0.174079 0.984726 -0.00324678,
              0.0186479 -3.17663e-15 -0.999826,
              -0.0186479 3.52635e-15 0.999826,
              0.984555 0.17411 0.0183631,
              0.984555 0.17411 0.0183631,
              0.174079 -0.984726 0.00324678,
              0.984555 0.17411 0.0183631,
              0.0186479 -3.17663e-15 -0.999826,
              0.0186479 -3.17663e-15 -0.999826,
              0.174079 -0.984726 0.00324678,
              -0.0186479 3.52635e-15 0.999826,
              -0.984555 -0.17411 -0.0183631,
              0.174079 -0.984726 0.00324678,
              -0.984555 -0.17411 -0.0183631,
              0.0186479 -3.17663e-15 -0.999826,
              -0.984555 -0.17411 -0.0183631,
              0.174079 -0.984726 0.00324678,
              -0.984555 -0.17411 -0.0183631,
              "/>
          </IndexedFaceSet>
        </Shape>
      </Transform>
      <Transform translation="0 0 0" rotation="0 0 1 -0" scale="1 1 1">
        <Shape>
          <Appearance>
            <Material ambientIntensity="0" emissiveColor="0 0 0" diffuseColor="1 0 0" specularColor="0 0 0" shininess="0.0078125" transparency="0.5"/>
          </Appearance>
          <IndexedFaceSet solid="false" colorPerVertex="true" normalPerVertex="true" coordIndex="
            0 2 6 -1 
            6 4 0 -1 
            5 1 8 -1 
            8 16 5 -1 
            9 10 3 -1 
            3 12 9 -1 
            13 14 7 -1 
            7 20 13 -1 
            22 15 11 -1 
            11 18 22 -1 
            17 21 23 -1 
            23 19 17 -1 
            ">
            <Coordinate DEF="VTKcoordinates0003" point="
              9942.28 728.001 295.566,
              9916.47 885.902 294.591,
              9936.24 728.001 455.452,
              9910.43 885.902 454.477,
              9944.26 728.323 295.64,
              9918.45 886.225 294.665,
              9938.22 728.323 455.526,
              9912.41 886.225 454.551,
              9942.28 728.001 295.566,
              9942.28 728.001 295.566,
              9916.47 885.902 294.591,
              9916.47 885.902 294.591,
              9936.24 728.001 455.452,
              9936.24 728.001 455.452,
              9910.43 885.902 454.477,
              9910.43 885.902 454.477,
              9944.26 728.323 295.64,
              9944.26 728.323 295.64,
              9918.45 886.225 294.665,
              9918.45 886.225 294.665,
              9938.22 728.323 455.526,
              9938.22 728.323 455.526,
              9912.41 886.225 454.551,
              9912.41 886.225 454.551,
              "/>
            <Normal DEF="VTKnormals0003" vector="
              -0.161307 0.986885 -0.00609425,
              -0.0377534 5.93275e-15 0.999287,
              -0.161307 0.986885 -0.00609425,
              0.986182 0.161423 0.0372583,
              -0.161307 0.986885 -0.00609425,
              -0.0377534 5.93275e-15 0.999287,
              -0.161307 0.986885 -0.00609425,
              0.0377534 -5.93275e-15 -0.999287,
              -0.0377534 5.93275e-15 0.999287,
              0.986182 0.161423 0.0372583,
              0.986182 0.161423 0.0372583,
              0.161307 -0.986885 0.00609425,
              0.986182 0.161423 0.0372583,
              0.0377534 -5.93275e-15 -0.999287,
              0.0377534 -5.93275e-15 -0.999287,
              0.161307 -0.986885 0.00609425,
              -0.0377534 5.93275e-15 0.999287,
              -0.986182 -0.161423 -0.0372583,
              0.161307 -0.986885 0.00609425,
              -0.986182 -0.161423 -0.0372583,
              0.0377534 -5.93275e-15 -0.999287,
              -0.986182 -0.161423 -0.0372583,
              0.161307 -0.986885 0.00609425,
              -0.986182 -0.161423 -0.0372583,
              "/>
          </IndexedFaceSet>
        </Shape>
      </Transform>
      <Transform translation="0 0 0" rotation="0 0 1 -0" scale="1 1 1">
        <Shape>
          <Appearance>
            <Material ambientIntensity="0" emissiveColor="0 0 0" diffuseColor="1 0 0" specularColor="0 0 0" shininess="0.0078125" transparency="0.5"/>
          </Appearance>
          <IndexedFaceSet solid="false" colorPerVertex="true" normalPerVertex="true" coordIndex="
            0 2 6 -1 
            6 4 0 -1 
            5 1 8 -1 
            8 16 5 -1 
            9 10 3 -1 
            3 12 9 -1 
            13 14 7 -1 
            7 20 13 -1 
            22 15 11 -1 
            11 18 22 -1 
            17 21 23 -1 
            23 19 17 -1 
            ">
            <Coordinate DEF="VTKcoordinates0004" point="
              9950 623.445 466.746,
              9927.54 781.857 465.512,
              9941.22 623.445 626.505,
              9918.76 781.857 625.271,
              9951.97 623.726 466.855,
              9929.52 782.138 465.62,
              9943.19 623.726 626.614,
              9920.74 782.138 625.379,
              9950 623.445 466.746,
              9950 623.445 466.746,
              9927.54 781.857 465.512,
              9927.54 781.857 465.512,
              9941.22 623.445 626.505,
              9941.22 623.445 626.505,
              9918.76 781.857 625.271,
              9918.76 781.857 625.271,
              9951.97 623.726 466.855,
              9951.97 623.726 466.855,
              9929.52 782.138 465.62,
              9929.52 782.138 465.62,
              9943.19 623.726 626.614,
              9943.19 623.726 626.614,
              9920.74 782.138 625.379,
              9920.74 782.138 625.379,
              "/>
            <Normal DEF="VTKnormals0004" vector="
              -0.140346 0.990072 -0.00771365,
              -0.0548787 -3.78725e-15 0.998493,
              -0.140346 0.990072 -0.00771365,
              0.98858 0.140558 0.0543339,
              -0.140346 0.990072 -0.00771365,
              -0.0548787 -3.78725e-15 0.998493,
              -0.140346 0.990072 -0.00771365,
              0.0548787 -4.19109e-15 -0.998493,
              -0.0548787 -3.78725e-15 0.998493,
              0.98858 0.140558 0.0543339,
              0.98858 0.140558 0.0543339,
              0.140346 -0.990072 0.00771365,
              0.98858 0.140558 0.0543339,
              0.0548787 -4.19109e-15 -0.998493,
              0.0548787 -4.19109e-15 -0.998493,
              0.140346 -0.990072 0.00771365,
              -0.0548787 -3.78725e-15 0.998493,
              -0.98858 -0.140558 -0.0543339,
              0.140346 -0.990072 0.00771365,
              -0.98858 -0.140558 -0.0543339,
              0.0548787 -4.19109e-15 -0.998493,
              -0.98858 -0.140558 -0.0543339,
              0.140346 -0.990072 0.00771365,
              -0.98858 -0.140558 -0.0543339,
              "/>
          </IndexedFaceSet>
        </Shape>
      </Transform>
      <Transform translation="0 0 0" rotation="0 0 1 -0" scale="1 1 1">
        <Shape>
          <Appearance>
            <Material ambientIntensity="0" emissiveColor="0 0 0" diffuseColor="1 0 0" specularColor="0 0 0" shininess="0.0078125" transparency="0.5"/>
          </Appearance>
          <IndexedFaceSet solid="false" colorPerVertex="true" normalPerVertex="true" coordIndex="
            0 2 6 -1 
            6 4 0 -1 
            5 1 8 -1 
            8 16 5 -1 
            9 10 3 -1 
            3 12 9 -1 
            13 14 7 -1 
            7 20 13 -1 
            22 15 11 -1 
            11 18 22 -1 
            17 21 23 -1 
            23 19 17 -1 
            ">
            <Coordinate DEF="VTKcoordinates0005" point="
              9957.87 483.264 610.151,
              9939.91 642.247 608.905,
              9946.81 483.264 769.768,
              9928.84 642.247 768.522,
              9959.86 483.489 610.288,
              9941.89 642.472 609.042,
              9948.79 483.489 769.905,
              9930.82 642.472 768.659,
              9957.87 483.264 610.151,
              9957.87 483.264 610.151,
              9939.91 642.247 608.905,
              9939.91 642.247 608.905,
              9946.81 483.264 769.768,
              9946.81 483.264 769.768,
              9928.84 642.247 768.522,
              9928.84 642.247 768.522,
              9959.86 483.489 610.288,
              9959.86 483.489 610.288,
              9941.89 642.472 609.042,
              9941.89 642.472 609.042,
              9948.79 483.489 769.905,
              9948.79 483.489 769.905,
              9930.82 642.472 768.659,
              9930.82 642.472 768.659,
              "/>
            <Normal DEF="VTKnormals0005" vector="
              -0.112304 0.993643 -0.00778563,
              -0.0691603 -7.69246e-15 0.997606,
              -0.112304 0.993643 -0.00778563,
              0.991264 0.112574 0.0687207,
              -0.112304 0.993643 -0.00778563,
              -0.0691603 -7.69246e-15 0.997606,
              -0.112304 0.993643 -0.00778563,
              0.0691603 7.69246e-15 -0.997606,
              -0.0691603 -7.69246e-15 0.997606,
              0.991264 0.112574 0.0687207,
              0.991264 0.112574 0.0687207,
              0.112304 -0.993643 0.00778563,
              0.991264 0.112574 0.0687207,
              0.0691603 7.69246e-15 -0.997606,
              0.0691603 7.69246e-15 -0.997606,
              0.112304 -0.993643 0.00778563,
              -0.0691603 -7.69246e-15 0.997606,
              -0.991264 -0.112574 -0.0687207,
              0.112304 -0.993643 0.00778563,
              -0.991264 -0.112574 -0.0687207,
              0.0691603 7.69246e-15 -0.997606,
              -0.991264 -0.112574 -0.0687207,
              0.112304 -0.993643 0.00778563,
              -0.991264 -0.112574 -0.0687207,
              "/>
          </IndexedFaceSet>
        </Shape>
      </Transform>
      <Transform translation="0 0 0" rotation="0 0 1 -0" scale="1 1 1">
        <Shape>
          <Appearance>
            <Material ambientIntensity="0" emissiveColor="0 0 0" diffuseColor="0 0.5 0" specularColor="0 0 0" shininess="0.0078125" transparency="0.5"/>
          </Appearance>
          <IndexedFaceSet solid="false" colorPerVertex="true" normalPerVertex="true" coordIndex="
            0 2 6 -1 
            6 4 0 -1 
            5 1 8 -1 
            8 16 5 -1 
            9 10 3 -1 
            3 12 9 -1 
            13 14 7 -1 
            7 20 13 -1 
            22 15 11 -1 
            11 18 22 -1 
            17 21 23 -1 
            23 19 17 -1 
            ">
            <Coordinate DEF="VTKcoordinates0006" point="
              9964.18 314.602 718.505,
              9951.6 474.104 717.496,
              9951.4 314.602 877.993,
              9938.81 474.104 876.984,
              9966.17 314.76 718.664,
              9953.59 474.262 717.655,
              9953.38 314.76 878.152,
              9940.8 474.262 877.144,
              9964.18 314.602 718.505,
              9964.18 314.602 718.505,
              9951.6 474.104 717.496,
              9951.6 474.104 717.496,
              9951.4 314.602 877.993,
              9951.4 314.602 877.993,
              9938.81 474.104 876.984,
              9938.81 474.104 876.984,
              9966.17 314.76 718.664,
              9966.17 314.76 718.664,
              9953.59 474.262 717.655,
              9953.59 474.262 717.655,
              9953.38 314.76 878.152,
              9953.38 314.76 878.152,
              9940.8 474.262 877.144,
              9940.8 474.262 877.144,
              "/>
            <Normal DEF="VTKnormals0006" vector="
              -0.0786342 0.996884 -0.00630357,
              -0.0799069 -1.98869e-15 0.996802,
              -0.0786342 0.996884 -0.00630357,
              0.993696 0.0788864 0.0796579,
              -0.0786342 0.996884 -0.00630357,
              -0.0799069 -1.98869e-15 0.996802,
              -0.0786342 0.996884 -0.00630357,
              0.0799069 1.98869e-15 -0.996802,
              -0.0799069 -1.98869e-15 0.996802,
              0.993696 0.0788864 0.0796579,
              0.993696 0.0788864 0.0796579,
              0.0786342 -0.996884 0.00630357,
              0.993696 0.0788864 0.0796579,
              0.0799069 1.98869e-15 -0.996802,
              0.0799069 1.98869e-15 -0.996802,
              0.0786342 -0.996884 0.00630357,
              -0.0799069 -1.98869e-15 0.996802,
              -0.993696 -0.0788864 -0.0796579,
              0.0786342 -0.996884 0.00630357,
              -0.993696 -0.0788864 -0.0796579,
              0.0799069 1.98869e-15 -0.996802,
              -0.993696 -0.0788864 -0.0796579,
              0.0786342 -0.996884 0.00630357,
              -0.993696 -0.0788864 -0.0796579,
              "/>
          </IndexedFaceSet>
        </Shape>
      </Transform>
      <Transform translation="0 0 0" rotation="0 0 1 -0" scale="1 1 1">
        <Shape>
          <Appearance>
            <Material ambientIntensity="0" emissiveColor="0 0 0" diffuseColor="0 0.5 0" specularColor="0 0 0" shininess="0.0078125" transparency="0.5"/>
          </Appearance>
          <IndexedFaceSet solid="false" colorPerVertex="true" normalPerVertex="true" coordIndex="
            0 2 6 -1 
            6 4 0 -1 
            5 1 8 -1 
            8 16 5 -1 
            9 10 3 -1 
            3 12 9 -1 
            13 14 7 -1 
            7 20 13 -1 
            22 15 11 -1 
            11 18 22 -1 
            17 21 23 -1 
            23 19 17 -1 
            ">
            <Coordinate DEF="VTKcoordinates0007" point="
              9967.4 126.042 786.327,
              9960.83 285.906 785.756,
              9953.54 126.042 945.726,
              9946.98 285.906 945.155,
              9969.39 126.124 786.501,
              9962.83 285.988 785.93,
              9955.53 126.124 945.899,
              9948.97 285.988 945.328,
              9967.4 126.042 786.327,
              9967.4 126.042 786.327,
              9960.83 285.906 785.756,
              9960.83 285.906 785.756,
              9953.54 126.042 945.726,
              9953.54 126.042 945.726,
              9946.98 285.906 945.155,
              9946.98 285.906 945.155,
              9969.39 126.124 786.501,
              9969.39 126.124 786.501,
              9962.83 285.988 785.93,
              9962.83 285.988 785.93,
              9955.53 126.124 945.899,
              9955.53 126.124 945.899,
              9948.97 285.988 945.328,
              9948.97 285.988 945.328,
              "/>
            <Normal DEF="VTKnormals0007" vector="
              -0.0410481 0.999151 -0.00356899,
              -0.0866196 4.75939e-15 0.996241,
              -0.0410481 0.999151 -0.00356899,
              0.995395 0.041203 0.086546,
              -0.0410481 0.999151 -0.00356899,
              -0.0866196 4.75939e-15 0.996241,
              -0.0410481 0.999151 -0.00356899,
              0.0866196 -4.75939e-15 -0.996241,
              -0.0866196 4.75939e-15 0.996241,
              0.995395 0.041203 0.086546,
              0.995395 0.041203 0.086546,
              0.0410481 -0.999151 0.00356899,
              0.995395 0.041203 0.086546,
              0.0866196 -4.75939e-15 -0.996241,
              0.0866196 -4.75939e-15 -0.996241,
              0.0410481 -0.999151 0.00356899,
              -0.0866196 4.75939e-15 0.996241,
              -0.995395 -0.041203 -0.086546,
              0.0410481 -0.999151 0.00356899,
              -0.995395 -0.041203 -0.086546,
              0.0866196 -4.75939e-15 -0.996241,
              -0.995395 -0.041203 -0.086546,
              0.0410481 -0.999151 0.00356899,
              -0.995395 -0.041203 -0.086546,
              "/>
          </IndexedFaceSet>
        </Shape>
      </Transform>
      <Transform translation="0 0 0" rotation="0 0 1 -0" scale="1 1 1">
        <Shape>
          <Appearance>
            <Material ambientIntensity="0" emissiveColor="0 0 0" diffuseColor="0 0.5 0" specularColor="0 0 0" shininess="0.0078125" transparency="0.5"/>
          </Appearance>
          <IndexedFaceSet solid="false" colorPerVertex="true" normalPerVertex="true" coordIndex="
            0 2 6 -1 
            6 4 0 -1 
            5 1 8 -1 
            8 16 5 -1 
            9 10 3 -1 
            3 12 9 -1 
            13 14 7 -1 
            7 20 13 -1 
            22 15 11 -1 
            11 18 22 -1 
            17 21 23 -1 
            23 19 17 -1 
            ">
            <Coordinate DEF="VTKcoordinates0008" point="
              9966.55 -72.8395 810.21,
              9966.32 87.1604 810.189,
              9952.31 -72.8395 969.575,
              9952.08 87.1604 969.555,
              9968.54 -72.8366 810.388,
              9968.32 87.1632 810.367,
              9954.3 -72.8366 969.753,
              9954.08 87.1632 969.733,
              9966.55 -72.8395 810.21,
              9966.55 -72.8395 810.21,
              9966.32 87.1604 810.189,
              9966.32 87.1604 810.189,
              9952.31 -72.8395 969.575,
              9952.31 -72.8395 969.575,
              9952.08 87.1604 969.555,
              9952.08 87.1604 969.555,
              9968.54 -72.8366 810.388,
              9968.54 -72.8366 810.388,
              9968.32 87.1632 810.367,
              9968.32 87.1632 810.367,
              9954.3 -72.8366 969.753,
              9954.3 -72.8366 969.753,
              9954.08 87.1632 969.733,
              9954.08 87.1632 969.733,
              "/>
            <Normal DEF="VTKnormals0008" vector="
              -0.0014267 0.999999 -0.000127478,
              -0.0889972 1.37928e-15 0.996032,
              -0.0014267 0.999999 -0.000127478,
              0.996031 0.00143238 0.0889971,
              -0.0014267 0.999999 -0.000127478,
              -0.0889972 1.37928e-15 0.996032,
              -0.0014267 0.999999 -0.000127478,
              0.0889972 -1.37928e-15 -0.996032,
              -0.0889972 1.37928e-15 0.996032,
              0.996031 0.00143238 0.0889971,
              0.996031 0.00143238 0.0889971,
              0.0014267 -0.999999 0.000127478,
              0.996031 0.00143238 0.0889971,
              0.0889972 -1.37928e-15 -0.996032,
              0.0889972 -1.37928e-15 -0.996032,
              0.0014267 -0.999999 0.000127478,
              -0.0889972 1.37928e-15 0.996032,
              -0.996031 -0.00143238 -0.0889971,
              0.0014267 -0.999999 0.000127478,
              -0.996031 -0.00143238 -0.0889971,
              0.0889972 -1.37928e-15 -0.996032,
              -0.996031 -0.00143238 -0.0889971,
              0.0014267 -0.999999 0.000127478,
              -0.996031 -0.00143238 -0.0889971,
              "/>
          </IndexedFaceSet>
